8 0 1 1 1 0 5 0 1 
3 1 1 1 1 0 0 0 0 
1 0 1 0 0 0 1 0 0 
1 0 0 1 0 0 1 0 0 
1 0 0 0 1 0 1 0 0 
1 0 0 0 0 1 1 0 0 
1 0 0 0 0 0 1 0 1 
1 0 0 0 0 0 1 1 0 
0 0 0 0 0 0 0 0 1 

(-9999, -9999)(1, 1)
(-9999, -9999)(5, 1)(1, 1)
(-9999, -9999)(7, 1)(5, 1)(1, 1)
7 0 1 1 1 0 4 0 1 
3 2 1 1 1 0 0 0 0 
1 0 1 0 0 0 1 0 0 
1 0 0 1 0 0 1 0 0 
1 0 0 0 1 0 1 0 0 
1 0 0 0 0 2 1 0 0 
1 0 0 0 0 0 1 0 1 
1 0 0 0 0 0 1 0 0 
0 0 0 0 0 0 0 0 1 

6 0 1 1 1 0 3 0 1 
3 2 1 1 1 0 0 0 0 
1 0 1 0 0 0 1 0 0 
1 0 0 1 0 0 1 0 0 
1 0 0 0 1 0 1 0 0 
1 0 0 0 0 0 1 0 0 
1 0 0 0 0 0 1 0 1 
1 0 0 0 0 0 1 0 0 
0 0 0 0 0 0 0 0 1 

5 0 0 0 0 0 3 0 1 
3 0 1 1 1 0 0 0 0 
1 0 1 0 0 0 1 0 0 
1 0 0 1 0 0 1 0 0 
1 0 0 0 1 0 1 0 0 
1 0 0 0 0 0 1 0 0 
1 0 0 0 0 0 1 0 1 
1 0 0 0 0 0 1 0 0 
0 0 0 0 0 0 0 0 1 

5 0 0 0 0 0 3 0 1 
3 0 1 1 1 0 0 0 0 
1 0 1 0 0 0 1 0 0 
1 0 0 1 0 0 1 0 0 
1 0 0 0 1 0 1 0 0 
1 0 0 0 0 0 1 0 0 
1 0 0 0 0 0 1 0 1 
1 0 0 0 0 0 1 0 0 
0 0 0 0 0 0 0 0 1 

(-9999, -9999)(2, 1)
(-9999, -9999)(3, 1)(2, 1)
(-9999, -9999)(4, 1)(3, 1)(2, 1)
4 0 0 0 0 0 2 0 1 
3 0 1 1 1 0 0 0 0 
1 0 2 0 0 0 1 0 0 
1 0 0 2 0 0 1 0 0 
1 0 0 0 0 0 1 0 0 
1 0 0 0 0 0 1 0 0 
1 0 0 0 0 0 1 0 1 
1 0 0 0 0 0 1 0 0 
0 0 0 0 0 0 0 0 1 

3 0 0 0 0 0 1 0 1 
3 0 1 1 1 0 0 0 0 
1 0 2 0 0 0 1 0 0 
1 0 0 0 0 0 1 0 0 
1 0 0 0 0 0 1 0 0 
1 0 0 0 0 0 1 0 0 
1 0 0 0 0 0 1 0 1 
1 0 0 0 0 0 1 0 0 
0 0 0 0 0 0 0 0 1 

2 0 0 0 0 0 0 0 1 
3 0 1 1 1 0 0 0 0 
1 0 0 0 0 0 1 0 0 
1 0 0 0 0 0 1 0 0 
1 0 0 0 0 0 1 0 0 
1 0 0 0 0 0 1 0 0 
1 0 0 0 0 0 1 0 1 
1 0 0 0 0 0 1 0 0 
0 0 0 0 0 0 0 0 1 

2 0 0 0 0 0 0 0 1 
3 0 1 1 1 0 0 0 0 
1 0 0 0 0 0 1 0 0 
1 0 0 0 0 0 1 0 0 
1 0 0 0 0 0 1 0 0 
1 0 0 0 0 0 1 0 0 
1 0 0 0 0 0 1 0 1 
1 0 0 0 0 0 1 0 0 
0 0 0 0 0 0 0 0 1 

(-9999, -9999)(6, 1)
1 0 0 0 0 0 0 0 0 
3 0 1 1 1 0 0 0 0 
1 0 0 0 0 0 1 0 0 
1 0 0 0 0 0 1 0 0 
1 0 0 0 0 0 1 0 0 
1 0 0 0 0 0 1 0 0 
1 0 0 0 0 0 0 0 1 
1 0 0 0 0 0 1 0 0 
0 0 0 0 0 0 0 0 1 

1 0 0 0 0 0 0 0 0 
3 0 1 1 1 0 0 0 0 
1 0 0 0 0 0 1 0 0 
1 0 0 0 0 0 1 0 0 
1 0 0 0 0 0 1 0 0 
1 0 0 0 0 0 1 0 0 
1 0 0 0 0 0 0 0 1 
1 0 0 0 0 0 1 0 0 
0 0 0 0 0 0 0 0 1 

(-9999, -9999)(8, 1)
0 0 0 0 0 0 0 0 0 
3 0 1 1 1 0 0 0 0 
1 0 0 0 0 0 1 0 0 
1 0 0 0 0 0 1 0 0 
1 0 0 0 0 0 1 0 0 
1 0 0 0 0 0 1 0 0 
1 0 0 0 0 0 0 0 1 
1 0 0 0 0 0 1 0 0 
0 0 0 0 0 0 0 0 0 

0 0 0 0 0 0 0 0 0 
3 0 1 1 1 0 0 0 0 
1 0 0 0 0 0 1 0 0 
1 0 0 0 0 0 1 0 0 
1 0 0 0 0 0 1 0 0 
1 0 0 0 0 0 1 0 0 
1 0 0 0 0 0 0 0 1 
1 0 0 0 0 0 1 0 0 
0 0 0 0 0 0 0 0 0 

