14 0  1  1  1  1  5  5  4  1  0  0  0  0  2  
3  1  1  1  1  0  0  0  0  0  0  0  0  0  0  
2  0  1  0  0  0  1  1  0  0  0  0  0  0  0  
2  0  0  1  0  0  1  1  0  0  0  0  0  0  0  
1  0  0  0  1  0  0  1  0  0  0  0  0  0  0  
1  0  0  0  0  1  1  0  0  0  0  0  0  0  0  
2  0  0  0  0  0  1  0  1  0  0  0  0  0  1  
1  0  0  0  0  0  0  1  0  1  0  0  0  0  0  
1  0  0  0  0  0  0  1  1  0  0  0  0  0  0  
1  0  0  0  0  0  0  0  1  1  0  0  0  0  0  
2  0  0  0  0  0  1  0  0  0  1  0  0  0  1  
2  0  0  0  0  0  0  1  1  0  0  1  0  0  0  
1  0  0  0  0  0  0  0  1  0  0  0  1  0  0  
1  0  0  0  0  0  1  0  0  0  0  0  0  1  0  
1  0  0  0  0  1  0  0  0  0  0  0  0  0  1  

(-9999, -9999)(1, 2)
(-9999, -9999)(1, 2)(10, 1)
(-9999, -9999)(11, 2)(1, 2)(10, 1)
(-9999, -9999)(11, 2)(1, 2)(12, 1)(10, 1)
(-9999, -9999)(13, 4)(11, 2)(1, 2)(12, 1)(10, 1)
14 0  1  1  1  1  5  5  4  1  0  0  0  0  2  
3  2  1  1  1  0  0  0  0  0  0  0  0  0  0  
2  0  1  0  0  0  1  1  0  0  0  0  0  0  0  
2  0  0  1  0  0  1  1  0  0  0  0  0  0  0  
1  0  0  0  1  0  0  1  0  0  0  0  0  0  0  
1  0  0  0  0  1  1  0  0  0  0  0  0  0  0  
2  0  0  0  0  0  1  0  1  0  0  0  0  0  1  
1  0  0  0  0  0  0  1  0  1  0  0  0  0  0  
1  0  0  0  0  0  0  1  1  0  0  0  0  0  0  
1  0  0  0  0  0  0  0  1  1  0  0  0  0  0  
2  0  0  0  0  0  1  0  0  0  2  0  0  0  1  
2  0  0  0  0  0  0  1  1  0  0  2  0  0  0  
1  0  0  0  0  0  0  0  1  0  0  0  2  0  0  
1  0  0  0  0  0  1  0  0  0  0  0  0  2  0  
1  0  0  0  0  1  0  0  0  0  0  0  0  0  1  

14 0  1  1  1  1  5  5  4  1  0  0  0  0  2  
3  2  1  1  1  0  0  0  0  0  0  0  0  0  0  
2  0  1  0  0  0  1  1  0  0  0  0  0  0  0  
2  0  0  1  0  0  1  1  0  0  0  0  0  0  0  
1  0  0  0  1  0  0  1  0  0  0  0  0  0  0  
1  0  0  0  0  1  1  0  0  0  0  0  0  0  0  
2  0  0  0  0  0  1  0  1  0  0  0  0  0  1  
1  0  0  0  0  0  0  1  0  1  0  0  0  0  0  
1  0  0  0  0  0  0  1  1  0  0  0  0  0  0  
1  0  0  0  0  0  0  0  1  1  0  0  0  0  0  
2  0  0  0  0  0  1  0  0  0  2  0  0  0  1  
2  0  0  0  0  0  0  1  1  0  0  2  0  0  0  
1  0  0  0  0  0  0  0  1  0  0  0  2  0  0  
1  0  0  0  0  0  1  0  0  0  0  0  0  2  0  
1  0  0  0  0  1  0  0  0  0  0  0  0  0  1  

14 0  1  1  1  1  5  5  4  1  0  0  0  0  2  
3  2  1  1  1  0  0  0  0  0  0  0  0  0  0  
2  0  1  0  0  0  1  1  0  0  0  0  0  0  0  
2  0  0  1  0  0  1  1  0  0  0  0  0  0  0  
1  0  0  0  1  0  0  1  0  0  0  0  0  0  0  
1  0  0  0  0  1  1  0  0  0  0  0  0  0  0  
2  0  0  0  0  0  1  0  1  0  0  0  0  0  1  
1  0  0  0  0  0  0  1  0  1  0  0  0  0  0  
1  0  0  0  0  0  0  1  1  0  0  0  0  0  0  
1  0  0  0  0  0  0  0  1  1  0  0  0  0  0  
2  0  0  0  0  0  1  0  0  0  2  0  0  0  1  
2  0  0  0  0  0  0  1  1  0  0  2  0  0  0  
1  0  0  0  0  0  0  0  1  0  0  0  2  0  0  
1  0  0  0  0  0  1  0  0  0  0  0  0  2  0  
1  0  0  0  0  1  0  0  0  0  0  0  0  0  1  

14 0  1  1  1  1  5  5  4  1  0  0  0  0  2  
3  2  1  1  1  0  0  0  0  0  0  0  0  0  0  
2  0  1  0  0  0  1  1  0  0  0  0  0  0  0  
2  0  0  1  0  0  1  1  0  0  0  0  0  0  0  
1  0  0  0  1  0  0  1  0  0  0  0  0  0  0  
1  0  0  0  0  1  1  0  0  0  0  0  0  0  0  
2  0  0  0  0  0  1  0  1  0  0  0  0  0  1  
1  0  0  0  0  0  0  1  0  1  0  0  0  0  0  
1  0  0  0  0  0  0  1  1  0  0  0  0  0  0  
1  0  0  0  0  0  0  0  1  1  0  0  0  0  0  
2  0  0  0  0  0  1  0  0  0  2  0  0  0  1  
2  0  0  0  0  0  0  1  1  0  0  2  0  0  0  
1  0  0  0  0  0  0  0  1  0  0  0  2  0  0  
1  0  0  0  0  0  1  0  0  0  0  0  0  2  0  
1  0  0  0  0  1  0  0  0  0  0  0  0  0  1  

13 0  1  1  1  1  5  4  3  1  0  0  0  0  2  
3  2  1  1  1  0  0  0  0  0  0  0  0  0  0  
2  0  1  0  0  0  1  1  0  0  0  0  0  0  0  
2  0  0  1  0  0  1  1  0  0  0  0  0  0  0  
1  0  0  0  1  0  0  1  0  0  0  0  0  0  0  
1  0  0  0  0  1  1  0  0  0  0  0  0  0  0  
2  0  0  0  0  0  1  0  1  0  0  0  0  0  1  
1  0  0  0  0  0  0  1  0  1  0  0  0  0  0  
1  0  0  0  0  0  0  1  1  0  0  0  0  0  0  
1  0  0  0  0  0  0  0  1  1  0  0  0  0  0  
2  0  0  0  0  0  1  0  0  0  2  0  0  0  1  
2  0  0  0  0  0  0  1  1  0  0  0  0  0  0  
1  0  0  0  0  0  0  0  1  0  0  0  2  0  0  
1  0  0  0  0  0  1  0  0  0  0  0  0  2  0  
1  0  0  0  0  1  0  0  0  0  0  0  0  0  1  

12 0  0  0  0  1  5  4  3  1  0  0  0  0  2  
3  0  1  1  1  0  0  0  0  0  0  0  0  0  0  
2  0  1  0  0  0  1  1  0  0  0  0  0  0  0  
2  0  0  1  0  0  1  1  0  0  0  0  0  0  0  
1  0  0  0  1  0  0  1  0  0  0  0  0  0  0  
1  0  0  0  0  1  1  0  0  0  0  0  0  0  0  
2  0  0  0  0  0  1  0  1  0  0  0  0  0  1  
1  0  0  0  0  0  0  1  0  1  0  0  0  0  0  
1  0  0  0  0  0  0  1  1  0  0  0  0  0  0  
1  0  0  0  0  0  0  0  1  1  0  0  0  0  0  
2  0  0  0  0  0  1  0  0  0  2  0  0  0  1  
2  0  0  0  0  0  0  1  1  0  0  0  0  0  0  
1  0  0  0  0  0  0  0  1  0  0  0  2  0  0  
1  0  0  0  0  0  1  0  0  0  0  0  0  2  0  
1  0  0  0  0  1  0  0  0  0  0  0  0  0  1  

(-9999, -9999)(2, 3)(12, 1)(10, 1)
(-9999, -9999)(2, 3)(3, 1)(12, 1)(10, 1)
(-9999, -9999)(2, 3)(4, 2)(3, 1)(12, 1)(10, 1)
12 0  0  0  0  1  5  4  3  1  0  0  0  0  2  
3  0  1  1  1  0  0  0  0  0  0  0  0  0  0  
2  0  2  0  0  0  1  1  0  0  0  0  0  0  0  
2  0  0  2  0  0  1  1  0  0  0  0  0  0  0  
1  0  0  0  2  0  0  1  0  0  0  0  0  0  0  
1  0  0  0  0  1  1  0  0  0  0  0  0  0  0  
2  0  0  0  0  0  1  0  1  0  0  0  0  0  1  
1  0  0  0  0  0  0  1  0  1  0  0  0  0  0  
1  0  0  0  0  0  0  1  1  0  0  0  0  0  0  
1  0  0  0  0  0  0  0  1  1  0  0  0  0  0  
2  0  0  0  0  0  1  0  0  0  2  0  0  0  1  
2  0  0  0  0  0  0  1  1  0  0  0  0  0  0  
1  0  0  0  0  0  0  0  1  0  0  0  2  0  0  
1  0  0  0  0  0  1  0  0  0  0  0  0  2  0  
1  0  0  0  0  1  0  0  0  0  0  0  0  0  1  

12 0  0  0  0  1  5  4  3  1  0  0  0  0  2  
3  0  1  1  1  0  0  0  0  0  0  0  0  0  0  
2  0  2  0  0  0  1  1  0  0  0  0  0  0  0  
2  0  0  2  0  0  1  1  0  0  0  0  0  0  0  
1  0  0  0  2  0  0  1  0  0  0  0  0  0  0  
1  0  0  0  0  1  1  0  0  0  0  0  0  0  0  
2  0  0  0  0  0  1  0  1  0  0  0  0  0  1  
1  0  0  0  0  0  0  1  0  1  0  0  0  0  0  
1  0  0  0  0  0  0  1  1  0  0  0  0  0  0  
1  0  0  0  0  0  0  0  1  1  0  0  0  0  0  
2  0  0  0  0  0  1  0  0  0  2  0  0  0  1  
2  0  0  0  0  0  0  1  1  0  0  0  0  0  0  
1  0  0  0  0  0  0  0  1  0  0  0  2  0  0  
1  0  0  0  0  0  1  0  0  0  0  0  0  2  0  
1  0  0  0  0  1  0  0  0  0  0  0  0  0  1  

12 0  0  0  0  1  5  4  3  1  0  0  0  0  2  
3  0  1  1  1  0  0  0  0  0  0  0  0  0  0  
2  0  2  0  0  0  1  1  0  0  0  0  0  0  0  
2  0  0  2  0  0  1  1  0  0  0  0  0  0  0  
1  0  0  0  2  0  0  1  0  0  0  0  0  0  0  
1  0  0  0  0  1  1  0  0  0  0  0  0  0  0  
2  0  0  0  0  0  1  0  1  0  0  0  0  0  1  
1  0  0  0  0  0  0  1  0  1  0  0  0  0  0  
1  0  0  0  0  0  0  1  1  0  0  0  0  0  0  
1  0  0  0  0  0  0  0  1  1  0  0  0  0  0  
2  0  0  0  0  0  1  0  0  0  2  0  0  0  1  
2  0  0  0  0  0  0  1  1  0  0  0  0  0  0  
1  0  0  0  0  0  0  0  1  0  0  0  2  0  0  
1  0  0  0  0  0  1  0  0  0  0  0  0  2  0  
1  0  0  0  0  1  0  0  0  0  0  0  0  0  1  

11 0  0  0  0  1  4  4  3  1  0  0  0  0  2  
3  0  1  1  1  0  0  0  0  0  0  0  0  0  0  
2  0  2  0  0  0  1  1  0  0  0  0  0  0  0  
2  0  0  2  0  0  1  1  0  0  0  0  0  0  0  
1  0  0  0  2  0  0  1  0  0  0  0  0  0  0  
1  0  0  0  0  1  1  0  0  0  0  0  0  0  0  
2  0  0  0  0  0  1  0  1  0  0  0  0  0  1  
1  0  0  0  0  0  0  1  0  1  0  0  0  0  0  
1  0  0  0  0  0  0  1  1  0  0  0  0  0  0  
1  0  0  0  0  0  0  0  1  1  0  0  0  0  0  
2  0  0  0  0  0  1  0  0  0  2  0  0  0  1  
2  0  0  0  0  0  0  1  1  0  0  0  0  0  0  
1  0  0  0  0  0  0  0  1  0  0  0  2  0  0  
1  0  0  0  0  0  1  0  0  0  0  0  0  0  0  
1  0  0  0  0  1  0  0  0  0  0  0  0  0  1  

11 0  0  0  0  1  4  4  3  1  0  0  0  0  2  
3  0  1  1  1  0  0  0  0  0  0  0  0  0  0  
2  0  2  0  0  0  1  1  0  0  0  0  0  0  0  
2  0  0  2  0  0  1  1  0  0  0  0  0  0  0  
1  0  0  0  2  0  0  1  0  0  0  0  0  0  0  
1  0  0  0  0  1  1  0  0  0  0  0  0  0  0  
2  0  0  0  0  0  1  0  1  0  0  0  0  0  1  
1  0  0  0  0  0  0  1  0  1  0  0  0  0  0  
1  0  0  0  0  0  0  1  1  0  0  0  0  0  0  
1  0  0  0  0  0  0  0  1  1  0  0  0  0  0  
2  0  0  0  0  0  1  0  0  0  2  0  0  0  1  
2  0  0  0  0  0  0  1  1  0  0  0  0  0  0  
1  0  0  0  0  0  0  0  1  0  0  0  2  0  0  
1  0  0  0  0  0  1  0  0  0  0  0  0  0  0  
1  0  0  0  0  1  0  0  0  0  0  0  0  0  1  

10 0  0  0  0  1  4  3  3  1  0  0  0  0  2  
3  0  1  1  1  0  0  0  0  0  0  0  0  0  0  
2  0  2  0  0  0  1  1  0  0  0  0  0  0  0  
2  0  0  2  0  0  1  1  0  0  0  0  0  0  0  
1  0  0  0  0  0  0  1  0  0  0  0  0  0  0  
1  0  0  0  0  1  1  0  0  0  0  0  0  0  0  
2  0  0  0  0  0  1  0  1  0  0  0  0  0  1  
1  0  0  0  0  0  0  1  0  1  0  0  0  0  0  
1  0  0  0  0  0  0  1  1  0  0  0  0  0  0  
1  0  0  0  0  0  0  0  1  1  0  0  0  0  0  
2  0  0  0  0  0  1  0  0  0  2  0  0  0  1  
2  0  0  0  0  0  0  1  1  0  0  0  0  0  0  
1  0  0  0  0  0  0  0  1  0  0  0  2  0  0  
1  0  0  0  0  0  1  0  0  0  0  0  0  0  0  
1  0  0  0  0  1  0  0  0  0  0  0  0  0  1  

9  0  0  0  0  1  3  2  3  1  0  0  0  0  2  
3  0  1  1  1  0  0  0  0  0  0  0  0  0  0  
2  0  2  0  0  0  1  1  0  0  0  0  0  0  0  
2  0  0  0  0  0  1  1  0  0  0  0  0  0  0  
1  0  0  0  0  0  0  1  0  0  0  0  0  0  0  
1  0  0  0  0  1  1  0  0  0  0  0  0  0  0  
2  0  0  0  0  0  1  0  1  0  0  0  0  0  1  
1  0  0  0  0  0  0  1  0  1  0  0  0  0  0  
1  0  0  0  0  0  0  1  1  0  0  0  0  0  0  
1  0  0  0  0  0  0  0  1  1  0  0  0  0  0  
2  0  0  0  0  0  1  0  0  0  2  0  0  0  1  
2  0  0  0  0  0  0  1  1  0  0  0  0  0  0  
1  0  0  0  0  0  0  0  1  0  0  0  2  0  0  
1  0  0  0  0  0  1  0  0  0  0  0  0  0  0  
1  0  0  0  0  1  0  0  0  0  0  0  0  0  1  

8  0  0  0  0  1  2  1  3  1  0  0  0  0  2  
3  0  1  1  1  0  0  0  0  0  0  0  0  0  0  
2  0  0  0  0  0  1  1  0  0  0  0  0  0  0  
2  0  0  0  0  0  1  1  0  0  0  0  0  0  0  
1  0  0  0  0  0  0  1  0  0  0  0  0  0  0  
1  0  0  0  0  1  1  0  0  0  0  0  0  0  0  
2  0  0  0  0  0  1  0  1  0  0  0  0  0  1  
1  0  0  0  0  0  0  1  0  1  0  0  0  0  0  
1  0  0  0  0  0  0  1  1  0  0  0  0  0  0  
1  0  0  0  0  0  0  0  1  1  0  0  0  0  0  
2  0  0  0  0  0  1  0  0  0  2  0  0  0  1  
2  0  0  0  0  0  0  1  1  0  0  0  0  0  0  
1  0  0  0  0  0  0  0  1  0  0  0  2  0  0  
1  0  0  0  0  0  1  0  0  0  0  0  0  0  0  
1  0  0  0  0  1  0  0  0  0  0  0  0  0  1  

7  0  0  0  0  1  2  1  2  1  0  0  0  0  2  
3  0  1  1  1  0  0  0  0  0  0  0  0  0  0  
2  0  0  0  0  0  1  1  0  0  0  0  0  0  0  
2  0  0  0  0  0  1  1  0  0  0  0  0  0  0  
1  0  0  0  0  0  0  1  0  0  0  0  0  0  0  
1  0  0  0  0  1  1  0  0  0  0  0  0  0  0  
2  0  0  0  0  0  1  0  1  0  0  0  0  0  1  
1  0  0  0  0  0  0  1  0  1  0  0  0  0  0  
1  0  0  0  0  0  0  1  1  0  0  0  0  0  0  
1  0  0  0  0  0  0  0  1  1  0  0  0  0  0  
2  0  0  0  0  0  1  0  0  0  2  0  0  0  1  
2  0  0  0  0  0  0  1  1  0  0  0  0  0  0  
1  0  0  0  0  0  0  0  1  0  0  0  0  0  0  
1  0  0  0  0  0  1  0  0  0  0  0  0  0  0  
1  0  0  0  0  1  0  0  0  0  0  0  0  0  1  

6  0  0  0  0  1  1  1  2  1  0  0  0  0  1  
3  0  1  1  1  0  0  0  0  0  0  0  0  0  0  
2  0  0  0  0  0  1  1  0  0  0  0  0  0  0  
2  0  0  0  0  0  1  1  0  0  0  0  0  0  0  
1  0  0  0  0  0  0  1  0  0  0  0  0  0  0  
1  0  0  0  0  1  1  0  0  0  0  0  0  0  0  
2  0  0  0  0  0  1  0  1  0  0  0  0  0  1  
1  0  0  0  0  0  0  1  0  1  0  0  0  0  0  
1  0  0  0  0  0  0  1  1  0  0  0  0  0  0  
1  0  0  0  0  0  0  0  1  1  0  0  0  0  0  
2  0  0  0  0  0  1  0  0  0  0  0  0  0  1  
2  0  0  0  0  0  0  1  1  0  0  0  0  0  0  
1  0  0  0  0  0  0  0  1  0  0  0  0  0  0  
1  0  0  0  0  0  1  0  0  0  0  0  0  0  0  
1  0  0  0  0  1  0  0  0  0  0  0  0  0  1  

6  0  0  0  0  1  1  1  2  1  0  0  0  0  1  
3  0  1  1  1  0  0  0  0  0  0  0  0  0  0  
2  0  0  0  0  0  1  1  0  0  0  0  0  0  0  
2  0  0  0  0  0  1  1  0  0  0  0  0  0  0  
1  0  0  0  0  0  0  1  0  0  0  0  0  0  0  
1  0  0  0  0  1  1  0  0  0  0  0  0  0  0  
2  0  0  0  0  0  1  0  1  0  0  0  0  0  1  
1  0  0  0  0  0  0  1  0  1  0  0  0  0  0  
1  0  0  0  0  0  0  1  1  0  0  0  0  0  0  
1  0  0  0  0  0  0  0  1  1  0  0  0  0  0  
2  0  0  0  0  0  1  0  0  0  0  0  0  0  1  
2  0  0  0  0  0  0  1  1  0  0  0  0  0  0  
1  0  0  0  0  0  0  0  1  0  0  0  0  0  0  
1  0  0  0  0  0  1  0  0  0  0  0  0  0  0  
1  0  0  0  0  1  0  0  0  0  0  0  0  0  1  

6  0  0  0  0  1  1  1  2  1  0  0  0  0  1  
3  0  1  1  1  0  0  0  0  0  0  0  0  0  0  
2  0  0  0  0  0  1  1  0  0  0  0  0  0  0  
2  0  0  0  0  0  1  1  0  0  0  0  0  0  0  
1  0  0  0  0  0  0  1  0  0  0  0  0  0  0  
1  0  0  0  0  1  1  0  0  0  0  0  0  0  0  
2  0  0  0  0  0  1  0  1  0  0  0  0  0  1  
1  0  0  0  0  0  0  1  0  1  0  0  0  0  0  
1  0  0  0  0  0  0  1  1  0  0  0  0  0  0  
1  0  0  0  0  0  0  0  1  1  0  0  0  0  0  
2  0  0  0  0  0  1  0  0  0  0  0  0  0  1  
2  0  0  0  0  0  0  1  1  0  0  0  0  0  0  
1  0  0  0  0  0  0  0  1  0  0  0  0  0  0  
1  0  0  0  0  0  1  0  0  0  0  0  0  0  0  
1  0  0  0  0  1  0  0  0  0  0  0  0  0  1  

