Start Node 

1 5 8 
3 0 7 
2 6 4 

1 5 8 
3 7 0 
2 6 4 

1 5 8 
3 7 4 
2 6 0 

1 5 8 
3 7 4 
2 0 6 

1 5 8 
3 0 4 
2 7 6 

1 5 8 
0 3 4 
2 7 6 

1 5 8 
2 3 4 
0 7 6 

1 5 8 
2 3 4 
7 0 6 

1 5 8 
2 0 4 
7 3 6 

1 5 8 
2 4 0 
7 3 6 

1 5 8 
2 4 6 
7 3 0 

1 5 8 
2 4 6 
7 0 3 

1 5 8 
2 4 6 
0 7 3 

1 5 8 
0 4 6 
2 7 3 

1 5 8 
4 0 6 
2 7 3 

1 5 8 
4 7 6 
2 0 3 

1 5 8 
4 7 6 
2 3 0 

1 5 8 
4 7 0 
2 3 6 

1 5 0 
4 7 8 
2 3 6 

1 0 5 
4 7 8 
2 3 6 

1 7 5 
4 0 8 
2 3 6 

1 7 5 
0 4 8 
2 3 6 

1 7 5 
2 4 8 
0 3 6 

1 7 5 
2 4 8 
3 0 6 

1 7 5 
2 4 8 
3 6 0 

1 7 5 
2 4 0 
3 6 8 

1 7 0 
2 4 5 
3 6 8 

1 0 7 
2 4 5 
3 6 8 

1 4 7 
2 0 5 
3 6 8 

1 4 7 
2 5 0 
3 6 8 

1 4 7 
2 5 8 
3 6 0 

Goal Node