This is Open list:
<0:: 0 0 0 0 0 0 0 0 0 :: NULL>
<11:: 1 0 8 3 5 7 2 6 4 :: 1 5 8 3 0 7 2 6 4>
<11:: 1 5 8 3 7 0 2 6 4 :: 1 5 8 3 0 7 2 6 4>
<11:: 1 5 8 3 6 7 2 0 4 :: 1 5 8 3 0 7 2 6 4>
<13:: 1 5 8 0 3 7 2 6 4 :: 1 5 8 3 0 7 2 6 4>
This is Close list:
<0:: 0 0 0 0 0 0 0 0 0 :: NULL>
<10:: 1 5 8 3 0 7 2 6 4 :: NULL>
This is Open list:
<0:: 0 0 0 0 0 0 0 0 0 :: NULL>
<11:: 1 5 8 3 7 0 2 6 4 :: 1 5 8 3 0 7 2 6 4>
<11:: 1 5 8 3 6 7 2 0 4 :: 1 5 8 3 0 7 2 6 4>
<12:: 1 8 0 3 5 7 2 6 4 :: 1 0 8 3 5 7 2 6 4>
<13:: 1 5 8 0 3 7 2 6 4 :: 1 5 8 3 0 7 2 6 4>
<14:: 0 1 8 3 5 7 2 6 4 :: 1 0 8 3 5 7 2 6 4>
This is Close list:
<0:: 0 0 0 0 0 0 0 0 0 :: NULL>
<11:: 1 0 8 3 5 7 2 6 4 :: 1 5 8 3 0 7 2 6 4>
<10:: 1 5 8 3 0 7 2 6 4 :: NULL>
This is Open list:
<0:: 0 0 0 0 0 0 0 0 0 :: NULL>
<10:: 1 5 8 3 7 4 2 6 0 :: 1 5 8 3 7 0 2 6 4>
<11:: 1 5 8 3 6 7 2 0 4 :: 1 5 8 3 0 7 2 6 4>
<12:: 1 5 0 3 7 8 2 6 4 :: 1 5 8 3 7 0 2 6 4>
<12:: 1 8 0 3 5 7 2 6 4 :: 1 0 8 3 5 7 2 6 4>
<13:: 1 5 8 0 3 7 2 6 4 :: 1 5 8 3 0 7 2 6 4>
<14:: 0 1 8 3 5 7 2 6 4 :: 1 0 8 3 5 7 2 6 4>
This is Close list:
<0:: 0 0 0 0 0 0 0 0 0 :: NULL>
<11:: 1 5 8 3 7 0 2 6 4 :: 1 5 8 3 0 7 2 6 4>
<11:: 1 0 8 3 5 7 2 6 4 :: 1 5 8 3 0 7 2 6 4>
<10:: 1 5 8 3 0 7 2 6 4 :: NULL>
This is Open list:
<0:: 0 0 0 0 0 0 0 0 0 :: NULL>
<11:: 1 5 8 3 6 7 2 0 4 :: 1 5 8 3 0 7 2 6 4>
<12:: 1 5 0 3 7 8 2 6 4 :: 1 5 8 3 7 0 2 6 4>
<12:: 1 8 0 3 5 7 2 6 4 :: 1 0 8 3 5 7 2 6 4>
<13:: 1 5 8 3 7 4 2 0 6 :: 1 5 8 3 7 4 2 6 0>
<13:: 1 5 8 0 3 7 2 6 4 :: 1 5 8 3 0 7 2 6 4>
<14:: 0 1 8 3 5 7 2 6 4 :: 1 0 8 3 5 7 2 6 4>
This is Close list:
<0:: 0 0 0 0 0 0 0 0 0 :: NULL>
<10:: 1 5 8 3 7 4 2 6 0 :: 1 5 8 3 7 0 2 6 4>
<11:: 1 5 8 3 7 0 2 6 4 :: 1 5 8 3 0 7 2 6 4>
<11:: 1 0 8 3 5 7 2 6 4 :: 1 5 8 3 0 7 2 6 4>
<10:: 1 5 8 3 0 7 2 6 4 :: NULL>
This is Open list:
<0:: 0 0 0 0 0 0 0 0 0 :: NULL>
<10:: 1 5 8 3 6 7 2 4 0 :: 1 5 8 3 6 7 2 0 4>
<12:: 1 5 0 3 7 8 2 6 4 :: 1 5 8 3 7 0 2 6 4>
<12:: 1 8 0 3 5 7 2 6 4 :: 1 0 8 3 5 7 2 6 4>
<13:: 1 5 8 3 7 4 2 0 6 :: 1 5 8 3 7 4 2 6 0>
<13:: 1 5 8 0 3 7 2 6 4 :: 1 5 8 3 0 7 2 6 4>
<14:: 1 5 8 3 6 7 0 2 4 :: 1 5 8 3 6 7 2 0 4>
<14:: 0 1 8 3 5 7 2 6 4 :: 1 0 8 3 5 7 2 6 4>
This is Close list:
<0:: 0 0 0 0 0 0 0 0 0 :: NULL>
<11:: 1 5 8 3 6 7 2 0 4 :: 1 5 8 3 0 7 2 6 4>
<10:: 1 5 8 3 7 4 2 6 0 :: 1 5 8 3 7 0 2 6 4>
<11:: 1 5 8 3 7 0 2 6 4 :: 1 5 8 3 0 7 2 6 4>
<11:: 1 0 8 3 5 7 2 6 4 :: 1 5 8 3 0 7 2 6 4>
<10:: 1 5 8 3 0 7 2 6 4 :: NULL>
This is Open list:
<0:: 0 0 0 0 0 0 0 0 0 :: NULL>
<12:: 1 5 0 3 7 8 2 6 4 :: 1 5 8 3 7 0 2 6 4>
<12:: 1 8 0 3 5 7 2 6 4 :: 1 0 8 3 5 7 2 6 4>
<13:: 1 5 8 3 6 0 2 4 7 :: 1 5 8 3 6 7 2 4 0>
<13:: 1 5 8 3 7 4 2 0 6 :: 1 5 8 3 7 4 2 6 0>
<13:: 1 5 8 0 3 7 2 6 4 :: 1 5 8 3 0 7 2 6 4>
<14:: 1 5 8 3 6 7 0 2 4 :: 1 5 8 3 6 7 2 0 4>
<14:: 0 1 8 3 5 7 2 6 4 :: 1 0 8 3 5 7 2 6 4>
This is Close list:
<0:: 0 0 0 0 0 0 0 0 0 :: NULL>
<10:: 1 5 8 3 6 7 2 4 0 :: 1 5 8 3 6 7 2 0 4>
<11:: 1 5 8 3 6 7 2 0 4 :: 1 5 8 3 0 7 2 6 4>
<10:: 1 5 8 3 7 4 2 6 0 :: 1 5 8 3 7 0 2 6 4>
<11:: 1 5 8 3 7 0 2 6 4 :: 1 5 8 3 0 7 2 6 4>
<11:: 1 0 8 3 5 7 2 6 4 :: 1 5 8 3 0 7 2 6 4>
<10:: 1 5 8 3 0 7 2 6 4 :: NULL>
This is Open list:
<0:: 0 0 0 0 0 0 0 0 0 :: NULL>
<12:: 1 8 0 3 5 7 2 6 4 :: 1 0 8 3 5 7 2 6 4>
<13:: 1 5 8 3 6 0 2 4 7 :: 1 5 8 3 6 7 2 4 0>
<13:: 1 5 8 3 7 4 2 0 6 :: 1 5 8 3 7 4 2 6 0>
<13:: 1 5 8 0 3 7 2 6 4 :: 1 5 8 3 0 7 2 6 4>
<14:: 1 5 8 3 6 7 0 2 4 :: 1 5 8 3 6 7 2 0 4>
<14:: 0 1 8 3 5 7 2 6 4 :: 1 0 8 3 5 7 2 6 4>
<15:: 1 0 5 3 7 8 2 6 4 :: 1 5 0 3 7 8 2 6 4>
This is Close list:
<0:: 0 0 0 0 0 0 0 0 0 :: NULL>
<12:: 1 5 0 3 7 8 2 6 4 :: 1 5 8 3 7 0 2 6 4>
<10:: 1 5 8 3 6 7 2 4 0 :: 1 5 8 3 6 7 2 0 4>
<11:: 1 5 8 3 6 7 2 0 4 :: 1 5 8 3 0 7 2 6 4>
<10:: 1 5 8 3 7 4 2 6 0 :: 1 5 8 3 7 0 2 6 4>
<11:: 1 5 8 3 7 0 2 6 4 :: 1 5 8 3 0 7 2 6 4>
<11:: 1 0 8 3 5 7 2 6 4 :: 1 5 8 3 0 7 2 6 4>
<10:: 1 5 8 3 0 7 2 6 4 :: NULL>
This is Open list:
<0:: 0 0 0 0 0 0 0 0 0 :: NULL>
<11:: 1 8 7 3 5 0 2 6 4 :: 1 8 0 3 5 7 2 6 4>
<13:: 1 5 8 3 6 0 2 4 7 :: 1 5 8 3 6 7 2 4 0>
<13:: 1 5 8 3 7 4 2 0 6 :: 1 5 8 3 7 4 2 6 0>
<13:: 1 5 8 0 3 7 2 6 4 :: 1 5 8 3 0 7 2 6 4>
<14:: 1 5 8 3 6 7 0 2 4 :: 1 5 8 3 6 7 2 0 4>
<14:: 0 1 8 3 5 7 2 6 4 :: 1 0 8 3 5 7 2 6 4>
<15:: 1 0 5 3 7 8 2 6 4 :: 1 5 0 3 7 8 2 6 4>
This is Close list:
<0:: 0 0 0 0 0 0 0 0 0 :: NULL>
<12:: 1 8 0 3 5 7 2 6 4 :: 1 0 8 3 5 7 2 6 4>
<12:: 1 5 0 3 7 8 2 6 4 :: 1 5 8 3 7 0 2 6 4>
<10:: 1 5 8 3 6 7 2 4 0 :: 1 5 8 3 6 7 2 0 4>
<11:: 1 5 8 3 6 7 2 0 4 :: 1 5 8 3 0 7 2 6 4>
<10:: 1 5 8 3 7 4 2 6 0 :: 1 5 8 3 7 0 2 6 4>
<11:: 1 5 8 3 7 0 2 6 4 :: 1 5 8 3 0 7 2 6 4>
<11:: 1 0 8 3 5 7 2 6 4 :: 1 5 8 3 0 7 2 6 4>
<10:: 1 5 8 3 0 7 2 6 4 :: NULL>
This is Open list:
<0:: 0 0 0 0 0 0 0 0 0 :: NULL>
<10:: 1 8 7 3 5 4 2 6 0 :: 1 8 7 3 5 0 2 6 4>
<13:: 1 5 8 3 6 0 2 4 7 :: 1 5 8 3 6 7 2 4 0>
<13:: 1 5 8 3 7 4 2 0 6 :: 1 5 8 3 7 4 2 6 0>
<13:: 1 5 8 0 3 7 2 6 4 :: 1 5 8 3 0 7 2 6 4>
<14:: 1 8 7 3 0 5 2 6 4 :: 1 8 7 3 5 0 2 6 4>
<14:: 1 5 8 3 6 7 0 2 4 :: 1 5 8 3 6 7 2 0 4>
<14:: 0 1 8 3 5 7 2 6 4 :: 1 0 8 3 5 7 2 6 4>
<15:: 1 0 5 3 7 8 2 6 4 :: 1 5 0 3 7 8 2 6 4>
This is Close list:
<0:: 0 0 0 0 0 0 0 0 0 :: NULL>
<11:: 1 8 7 3 5 0 2 6 4 :: 1 8 0 3 5 7 2 6 4>
<12:: 1 8 0 3 5 7 2 6 4 :: 1 0 8 3 5 7 2 6 4>
<12:: 1 5 0 3 7 8 2 6 4 :: 1 5 8 3 7 0 2 6 4>
<10:: 1 5 8 3 6 7 2 4 0 :: 1 5 8 3 6 7 2 0 4>
<11:: 1 5 8 3 6 7 2 0 4 :: 1 5 8 3 0 7 2 6 4>
<10:: 1 5 8 3 7 4 2 6 0 :: 1 5 8 3 7 0 2 6 4>
<11:: 1 5 8 3 7 0 2 6 4 :: 1 5 8 3 0 7 2 6 4>
<11:: 1 0 8 3 5 7 2 6 4 :: 1 5 8 3 0 7 2 6 4>
<10:: 1 5 8 3 0 7 2 6 4 :: NULL>
This is Open list:
<0:: 0 0 0 0 0 0 0 0 0 :: NULL>
<13:: 1 8 7 3 5 4 2 0 6 :: 1 8 7 3 5 4 2 6 0>
<13:: 1 5 8 3 6 0 2 4 7 :: 1 5 8 3 6 7 2 4 0>
<13:: 1 5 8 3 7 4 2 0 6 :: 1 5 8 3 7 4 2 6 0>
<13:: 1 5 8 0 3 7 2 6 4 :: 1 5 8 3 0 7 2 6 4>
<14:: 1 8 7 3 0 5 2 6 4 :: 1 8 7 3 5 0 2 6 4>
<14:: 1 5 8 3 6 7 0 2 4 :: 1 5 8 3 6 7 2 0 4>
<14:: 0 1 8 3 5 7 2 6 4 :: 1 0 8 3 5 7 2 6 4>
<15:: 1 0 5 3 7 8 2 6 4 :: 1 5 0 3 7 8 2 6 4>
This is Close list:
<0:: 0 0 0 0 0 0 0 0 0 :: NULL>
<10:: 1 8 7 3 5 4 2 6 0 :: 1 8 7 3 5 0 2 6 4>
<11:: 1 8 7 3 5 0 2 6 4 :: 1 8 0 3 5 7 2 6 4>
<12:: 1 8 0 3 5 7 2 6 4 :: 1 0 8 3 5 7 2 6 4>
<12:: 1 5 0 3 7 8 2 6 4 :: 1 5 8 3 7 0 2 6 4>
<10:: 1 5 8 3 6 7 2 4 0 :: 1 5 8 3 6 7 2 0 4>
<11:: 1 5 8 3 6 7 2 0 4 :: 1 5 8 3 0 7 2 6 4>
<10:: 1 5 8 3 7 4 2 6 0 :: 1 5 8 3 7 0 2 6 4>
<11:: 1 5 8 3 7 0 2 6 4 :: 1 5 8 3 0 7 2 6 4>
<11:: 1 0 8 3 5 7 2 6 4 :: 1 5 8 3 0 7 2 6 4>
<10:: 1 5 8 3 0 7 2 6 4 :: NULL>
This is Open list:
<0:: 0 0 0 0 0 0 0 0 0 :: NULL>
<13:: 1 5 8 3 6 0 2 4 7 :: 1 5 8 3 6 7 2 4 0>
<13:: 1 5 8 3 7 4 2 0 6 :: 1 5 8 3 7 4 2 6 0>
<13:: 1 5 8 0 3 7 2 6 4 :: 1 5 8 3 0 7 2 6 4>
<14:: 1 8 7 3 0 5 2 6 4 :: 1 8 7 3 5 0 2 6 4>
<14:: 1 5 8 3 6 7 0 2 4 :: 1 5 8 3 6 7 2 0 4>
<14:: 0 1 8 3 5 7 2 6 4 :: 1 0 8 3 5 7 2 6 4>
<15:: 1 0 5 3 7 8 2 6 4 :: 1 5 0 3 7 8 2 6 4>
<16:: 1 8 7 3 0 4 2 5 6 :: 1 8 7 3 5 4 2 0 6>
<16:: 1 8 7 3 5 4 0 2 6 :: 1 8 7 3 5 4 2 0 6>
This is Close list:
<0:: 0 0 0 0 0 0 0 0 0 :: NULL>
<13:: 1 8 7 3 5 4 2 0 6 :: 1 8 7 3 5 4 2 6 0>
<10:: 1 8 7 3 5 4 2 6 0 :: 1 8 7 3 5 0 2 6 4>
<11:: 1 8 7 3 5 0 2 6 4 :: 1 8 0 3 5 7 2 6 4>
<12:: 1 8 0 3 5 7 2 6 4 :: 1 0 8 3 5 7 2 6 4>
<12:: 1 5 0 3 7 8 2 6 4 :: 1 5 8 3 7 0 2 6 4>
<10:: 1 5 8 3 6 7 2 4 0 :: 1 5 8 3 6 7 2 0 4>
<11:: 1 5 8 3 6 7 2 0 4 :: 1 5 8 3 0 7 2 6 4>
<10:: 1 5 8 3 7 4 2 6 0 :: 1 5 8 3 7 0 2 6 4>
<11:: 1 5 8 3 7 0 2 6 4 :: 1 5 8 3 0 7 2 6 4>
<11:: 1 0 8 3 5 7 2 6 4 :: 1 5 8 3 0 7 2 6 4>
<10:: 1 5 8 3 0 7 2 6 4 :: NULL>
This is Open list:
<0:: 0 0 0 0 0 0 0 0 0 :: NULL>
<13:: 1 5 8 3 7 4 2 0 6 :: 1 5 8 3 7 4 2 6 0>
<13:: 1 5 8 0 3 7 2 6 4 :: 1 5 8 3 0 7 2 6 4>
<14:: 1 5 0 3 6 8 2 4 7 :: 1 5 8 3 6 0 2 4 7>
<14:: 1 8 7 3 0 5 2 6 4 :: 1 8 7 3 5 0 2 6 4>
<14:: 1 5 8 3 6 7 0 2 4 :: 1 5 8 3 6 7 2 0 4>
<14:: 0 1 8 3 5 7 2 6 4 :: 1 0 8 3 5 7 2 6 4>
<15:: 1 0 5 3 7 8 2 6 4 :: 1 5 0 3 7 8 2 6 4>
<16:: 1 5 8 3 0 6 2 4 7 :: 1 5 8 3 6 0 2 4 7>
<16:: 1 8 7 3 0 4 2 5 6 :: 1 8 7 3 5 4 2 0 6>
<16:: 1 8 7 3 5 4 0 2 6 :: 1 8 7 3 5 4 2 0 6>
This is Close list:
<0:: 0 0 0 0 0 0 0 0 0 :: NULL>
<13:: 1 5 8 3 6 0 2 4 7 :: 1 5 8 3 6 7 2 4 0>
<13:: 1 8 7 3 5 4 2 0 6 :: 1 8 7 3 5 4 2 6 0>
<10:: 1 8 7 3 5 4 2 6 0 :: 1 8 7 3 5 0 2 6 4>
<11:: 1 8 7 3 5 0 2 6 4 :: 1 8 0 3 5 7 2 6 4>
<12:: 1 8 0 3 5 7 2 6 4 :: 1 0 8 3 5 7 2 6 4>
<12:: 1 5 0 3 7 8 2 6 4 :: 1 5 8 3 7 0 2 6 4>
<10:: 1 5 8 3 6 7 2 4 0 :: 1 5 8 3 6 7 2 0 4>
<11:: 1 5 8 3 6 7 2 0 4 :: 1 5 8 3 0 7 2 6 4>
<10:: 1 5 8 3 7 4 2 6 0 :: 1 5 8 3 7 0 2 6 4>
<11:: 1 5 8 3 7 0 2 6 4 :: 1 5 8 3 0 7 2 6 4>
<11:: 1 0 8 3 5 7 2 6 4 :: 1 5 8 3 0 7 2 6 4>
<10:: 1 5 8 3 0 7 2 6 4 :: NULL>
This is Open list:
<0:: 0 0 0 0 0 0 0 0 0 :: NULL>
<13:: 1 5 8 0 3 7 2 6 4 :: 1 5 8 3 0 7 2 6 4>
<14:: 1 5 0 3 6 8 2 4 7 :: 1 5 8 3 6 0 2 4 7>
<14:: 1 8 7 3 0 5 2 6 4 :: 1 8 7 3 5 0 2 6 4>
<14:: 1 5 8 3 6 7 0 2 4 :: 1 5 8 3 6 7 2 0 4>
<14:: 0 1 8 3 5 7 2 6 4 :: 1 0 8 3 5 7 2 6 4>
<15:: 1 0 5 3 7 8 2 6 4 :: 1 5 0 3 7 8 2 6 4>
<16:: 1 5 8 3 0 4 2 7 6 :: 1 5 8 3 7 4 2 0 6>
<16:: 1 5 8 3 7 4 0 2 6 :: 1 5 8 3 7 4 2 0 6>
<16:: 1 5 8 3 0 6 2 4 7 :: 1 5 8 3 6 0 2 4 7>
<16:: 1 8 7 3 0 4 2 5 6 :: 1 8 7 3 5 4 2 0 6>
<16:: 1 8 7 3 5 4 0 2 6 :: 1 8 7 3 5 4 2 0 6>
This is Close list:
<0:: 0 0 0 0 0 0 0 0 0 :: NULL>
<13:: 1 5 8 3 7 4 2 0 6 :: 1 5 8 3 7 4 2 6 0>
<13:: 1 5 8 3 6 0 2 4 7 :: 1 5 8 3 6 7 2 4 0>
<13:: 1 8 7 3 5 4 2 0 6 :: 1 8 7 3 5 4 2 6 0>
<10:: 1 8 7 3 5 4 2 6 0 :: 1 8 7 3 5 0 2 6 4>
<11:: 1 8 7 3 5 0 2 6 4 :: 1 8 0 3 5 7 2 6 4>
<12:: 1 8 0 3 5 7 2 6 4 :: 1 0 8 3 5 7 2 6 4>
<12:: 1 5 0 3 7 8 2 6 4 :: 1 5 8 3 7 0 2 6 4>
<10:: 1 5 8 3 6 7 2 4 0 :: 1 5 8 3 6 7 2 0 4>
<11:: 1 5 8 3 6 7 2 0 4 :: 1 5 8 3 0 7 2 6 4>
<10:: 1 5 8 3 7 4 2 6 0 :: 1 5 8 3 7 0 2 6 4>
<11:: 1 5 8 3 7 0 2 6 4 :: 1 5 8 3 0 7 2 6 4>
<11:: 1 0 8 3 5 7 2 6 4 :: 1 5 8 3 0 7 2 6 4>
<10:: 1 5 8 3 0 7 2 6 4 :: NULL>
This is Open list:
<0:: 0 0 0 0 0 0 0 0 0 :: NULL>
<12:: 1 5 8 2 3 7 0 6 4 :: 1 5 8 0 3 7 2 6 4>
<14:: 1 5 0 3 6 8 2 4 7 :: 1 5 8 3 6 0 2 4 7>
<14:: 1 8 7 3 0 5 2 6 4 :: 1 8 7 3 5 0 2 6 4>
<14:: 1 5 8 3 6 7 0 2 4 :: 1 5 8 3 6 7 2 0 4>
<14:: 0 1 8 3 5 7 2 6 4 :: 1 0 8 3 5 7 2 6 4>
<15:: 1 0 5 3 7 8 2 6 4 :: 1 5 0 3 7 8 2 6 4>
<16:: 0 5 8 1 3 7 2 6 4 :: 1 5 8 0 3 7 2 6 4>
<16:: 1 5 8 3 0 4 2 7 6 :: 1 5 8 3 7 4 2 0 6>
<16:: 1 5 8 3 7 4 0 2 6 :: 1 5 8 3 7 4 2 0 6>
<16:: 1 5 8 3 0 6 2 4 7 :: 1 5 8 3 6 0 2 4 7>
<16:: 1 8 7 3 0 4 2 5 6 :: 1 8 7 3 5 4 2 0 6>
<16:: 1 8 7 3 5 4 0 2 6 :: 1 8 7 3 5 4 2 0 6>
This is Close list:
<0:: 0 0 0 0 0 0 0 0 0 :: NULL>
<13:: 1 5 8 0 3 7 2 6 4 :: 1 5 8 3 0 7 2 6 4>
<13:: 1 5 8 3 7 4 2 0 6 :: 1 5 8 3 7 4 2 6 0>
<13:: 1 5 8 3 6 0 2 4 7 :: 1 5 8 3 6 7 2 4 0>
<13:: 1 8 7 3 5 4 2 0 6 :: 1 8 7 3 5 4 2 6 0>
<10:: 1 8 7 3 5 4 2 6 0 :: 1 8 7 3 5 0 2 6 4>
<11:: 1 8 7 3 5 0 2 6 4 :: 1 8 0 3 5 7 2 6 4>
<12:: 1 8 0 3 5 7 2 6 4 :: 1 0 8 3 5 7 2 6 4>
<12:: 1 5 0 3 7 8 2 6 4 :: 1 5 8 3 7 0 2 6 4>
<10:: 1 5 8 3 6 7 2 4 0 :: 1 5 8 3 6 7 2 0 4>
<11:: 1 5 8 3 6 7 2 0 4 :: 1 5 8 3 0 7 2 6 4>
<10:: 1 5 8 3 7 4 2 6 0 :: 1 5 8 3 7 0 2 6 4>
<11:: 1 5 8 3 7 0 2 6 4 :: 1 5 8 3 0 7 2 6 4>
<11:: 1 0 8 3 5 7 2 6 4 :: 1 5 8 3 0 7 2 6 4>
<10:: 1 5 8 3 0 7 2 6 4 :: NULL>
This is Open list:
<0:: 0 0 0 0 0 0 0 0 0 :: NULL>
<13:: 1 5 8 2 3 7 6 0 4 :: 1 5 8 2 3 7 0 6 4>
<14:: 1 5 0 3 6 8 2 4 7 :: 1 5 8 3 6 0 2 4 7>
<14:: 1 8 7 3 0 5 2 6 4 :: 1 8 7 3 5 0 2 6 4>
<14:: 1 5 8 3 6 7 0 2 4 :: 1 5 8 3 6 7 2 0 4>
<14:: 0 1 8 3 5 7 2 6 4 :: 1 0 8 3 5 7 2 6 4>
<15:: 1 0 5 3 7 8 2 6 4 :: 1 5 0 3 7 8 2 6 4>
<16:: 0 5 8 1 3 7 2 6 4 :: 1 5 8 0 3 7 2 6 4>
<16:: 1 5 8 3 0 4 2 7 6 :: 1 5 8 3 7 4 2 0 6>
<16:: 1 5 8 3 7 4 0 2 6 :: 1 5 8 3 7 4 2 0 6>
<16:: 1 5 8 3 0 6 2 4 7 :: 1 5 8 3 6 0 2 4 7>
<16:: 1 8 7 3 0 4 2 5 6 :: 1 8 7 3 5 4 2 0 6>
<16:: 1 8 7 3 5 4 0 2 6 :: 1 8 7 3 5 4 2 0 6>
This is Close list:
<0:: 0 0 0 0 0 0 0 0 0 :: NULL>
<12:: 1 5 8 2 3 7 0 6 4 :: 1 5 8 0 3 7 2 6 4>
<13:: 1 5 8 0 3 7 2 6 4 :: 1 5 8 3 0 7 2 6 4>
<13:: 1 5 8 3 7 4 2 0 6 :: 1 5 8 3 7 4 2 6 0>
<13:: 1 5 8 3 6 0 2 4 7 :: 1 5 8 3 6 7 2 4 0>
<13:: 1 8 7 3 5 4 2 0 6 :: 1 8 7 3 5 4 2 6 0>
<10:: 1 8 7 3 5 4 2 6 0 :: 1 8 7 3 5 0 2 6 4>
<11:: 1 8 7 3 5 0 2 6 4 :: 1 8 0 3 5 7 2 6 4>
<12:: 1 8 0 3 5 7 2 6 4 :: 1 0 8 3 5 7 2 6 4>
<12:: 1 5 0 3 7 8 2 6 4 :: 1 5 8 3 7 0 2 6 4>
<10:: 1 5 8 3 6 7 2 4 0 :: 1 5 8 3 6 7 2 0 4>
<11:: 1 5 8 3 6 7 2 0 4 :: 1 5 8 3 0 7 2 6 4>
<10:: 1 5 8 3 7 4 2 6 0 :: 1 5 8 3 7 0 2 6 4>
<11:: 1 5 8 3 7 0 2 6 4 :: 1 5 8 3 0 7 2 6 4>
<11:: 1 0 8 3 5 7 2 6 4 :: 1 5 8 3 0 7 2 6 4>
<10:: 1 5 8 3 0 7 2 6 4 :: NULL>
This is Open list:
<0:: 0 0 0 0 0 0 0 0 0 :: NULL>
<12:: 1 5 8 2 3 7 6 4 0 :: 1 5 8 2 3 7 6 0 4>
<14:: 1 5 8 2 0 7 6 3 4 :: 1 5 8 2 3 7 6 0 4>
<14:: 1 5 0 3 6 8 2 4 7 :: 1 5 8 3 6 0 2 4 7>
<14:: 1 8 7 3 0 5 2 6 4 :: 1 8 7 3 5 0 2 6 4>
<14:: 1 5 8 3 6 7 0 2 4 :: 1 5 8 3 6 7 2 0 4>
<14:: 0 1 8 3 5 7 2 6 4 :: 1 0 8 3 5 7 2 6 4>
<15:: 1 0 5 3 7 8 2 6 4 :: 1 5 0 3 7 8 2 6 4>
<16:: 0 5 8 1 3 7 2 6 4 :: 1 5 8 0 3 7 2 6 4>
<16:: 1 5 8 3 0 4 2 7 6 :: 1 5 8 3 7 4 2 0 6>
<16:: 1 5 8 3 7 4 0 2 6 :: 1 5 8 3 7 4 2 0 6>
<16:: 1 5 8 3 0 6 2 4 7 :: 1 5 8 3 6 0 2 4 7>
<16:: 1 8 7 3 0 4 2 5 6 :: 1 8 7 3 5 4 2 0 6>
<16:: 1 8 7 3 5 4 0 2 6 :: 1 8 7 3 5 4 2 0 6>
This is Close list:
<0:: 0 0 0 0 0 0 0 0 0 :: NULL>
<13:: 1 5 8 2 3 7 6 0 4 :: 1 5 8 2 3 7 0 6 4>
<12:: 1 5 8 2 3 7 0 6 4 :: 1 5 8 0 3 7 2 6 4>
<13:: 1 5 8 0 3 7 2 6 4 :: 1 5 8 3 0 7 2 6 4>
<13:: 1 5 8 3 7 4 2 0 6 :: 1 5 8 3 7 4 2 6 0>
<13:: 1 5 8 3 6 0 2 4 7 :: 1 5 8 3 6 7 2 4 0>
<13:: 1 8 7 3 5 4 2 0 6 :: 1 8 7 3 5 4 2 6 0>
<10:: 1 8 7 3 5 4 2 6 0 :: 1 8 7 3 5 0 2 6 4>
<11:: 1 8 7 3 5 0 2 6 4 :: 1 8 0 3 5 7 2 6 4>
<12:: 1 8 0 3 5 7 2 6 4 :: 1 0 8 3 5 7 2 6 4>
<12:: 1 5 0 3 7 8 2 6 4 :: 1 5 8 3 7 0 2 6 4>
<10:: 1 5 8 3 6 7 2 4 0 :: 1 5 8 3 6 7 2 0 4>
<11:: 1 5 8 3 6 7 2 0 4 :: 1 5 8 3 0 7 2 6 4>
<10:: 1 5 8 3 7 4 2 6 0 :: 1 5 8 3 7 0 2 6 4>
<11:: 1 5 8 3 7 0 2 6 4 :: 1 5 8 3 0 7 2 6 4>
<11:: 1 0 8 3 5 7 2 6 4 :: 1 5 8 3 0 7 2 6 4>
<10:: 1 5 8 3 0 7 2 6 4 :: NULL>
This is Open list:
<0:: 0 0 0 0 0 0 0 0 0 :: NULL>
<14:: 1 5 8 2 0 7 6 3 4 :: 1 5 8 2 3 7 6 0 4>
<14:: 1 5 0 3 6 8 2 4 7 :: 1 5 8 3 6 0 2 4 7>
<14:: 1 8 7 3 0 5 2 6 4 :: 1 8 7 3 5 0 2 6 4>
<14:: 1 5 8 3 6 7 0 2 4 :: 1 5 8 3 6 7 2 0 4>
<14:: 0 1 8 3 5 7 2 6 4 :: 1 0 8 3 5 7 2 6 4>
<15:: 1 5 8 2 3 0 6 4 7 :: 1 5 8 2 3 7 6 4 0>
<15:: 1 0 5 3 7 8 2 6 4 :: 1 5 0 3 7 8 2 6 4>
<16:: 0 5 8 1 3 7 2 6 4 :: 1 5 8 0 3 7 2 6 4>
<16:: 1 5 8 3 0 4 2 7 6 :: 1 5 8 3 7 4 2 0 6>
<16:: 1 5 8 3 7 4 0 2 6 :: 1 5 8 3 7 4 2 0 6>
<16:: 1 5 8 3 0 6 2 4 7 :: 1 5 8 3 6 0 2 4 7>
<16:: 1 8 7 3 0 4 2 5 6 :: 1 8 7 3 5 4 2 0 6>
<16:: 1 8 7 3 5 4 0 2 6 :: 1 8 7 3 5 4 2 0 6>
This is Close list:
<0:: 0 0 0 0 0 0 0 0 0 :: NULL>
<12:: 1 5 8 2 3 7 6 4 0 :: 1 5 8 2 3 7 6 0 4>
<13:: 1 5 8 2 3 7 6 0 4 :: 1 5 8 2 3 7 0 6 4>
<12:: 1 5 8 2 3 7 0 6 4 :: 1 5 8 0 3 7 2 6 4>
<13:: 1 5 8 0 3 7 2 6 4 :: 1 5 8 3 0 7 2 6 4>
<13:: 1 5 8 3 7 4 2 0 6 :: 1 5 8 3 7 4 2 6 0>
<13:: 1 5 8 3 6 0 2 4 7 :: 1 5 8 3 6 7 2 4 0>
<13:: 1 8 7 3 5 4 2 0 6 :: 1 8 7 3 5 4 2 6 0>
<10:: 1 8 7 3 5 4 2 6 0 :: 1 8 7 3 5 0 2 6 4>
<11:: 1 8 7 3 5 0 2 6 4 :: 1 8 0 3 5 7 2 6 4>
<12:: 1 8 0 3 5 7 2 6 4 :: 1 0 8 3 5 7 2 6 4>
<12:: 1 5 0 3 7 8 2 6 4 :: 1 5 8 3 7 0 2 6 4>
<10:: 1 5 8 3 6 7 2 4 0 :: 1 5 8 3 6 7 2 0 4>
<11:: 1 5 8 3 6 7 2 0 4 :: 1 5 8 3 0 7 2 6 4>
<10:: 1 5 8 3 7 4 2 6 0 :: 1 5 8 3 7 0 2 6 4>
<11:: 1 5 8 3 7 0 2 6 4 :: 1 5 8 3 0 7 2 6 4>
<11:: 1 0 8 3 5 7 2 6 4 :: 1 5 8 3 0 7 2 6 4>
<10:: 1 5 8 3 0 7 2 6 4 :: NULL>
This is Open list:
<0:: 0 0 0 0 0 0 0 0 0 :: NULL>
<14:: 1 5 0 3 6 8 2 4 7 :: 1 5 8 3 6 0 2 4 7>
<14:: 1 8 7 3 0 5 2 6 4 :: 1 8 7 3 5 0 2 6 4>
<14:: 1 5 8 3 6 7 0 2 4 :: 1 5 8 3 6 7 2 0 4>
<14:: 0 1 8 3 5 7 2 6 4 :: 1 0 8 3 5 7 2 6 4>
<15:: 1 0 8 2 5 7 6 3 4 :: 1 5 8 2 0 7 6 3 4>
<15:: 1 5 8 2 7 0 6 3 4 :: 1 5 8 2 0 7 6 3 4>
<15:: 1 5 8 2 3 0 6 4 7 :: 1 5 8 2 3 7 6 4 0>
<15:: 1 0 5 3 7 8 2 6 4 :: 1 5 0 3 7 8 2 6 4>
<16:: 0 5 8 1 3 7 2 6 4 :: 1 5 8 0 3 7 2 6 4>
<16:: 1 5 8 3 0 4 2 7 6 :: 1 5 8 3 7 4 2 0 6>
<16:: 1 5 8 3 7 4 0 2 6 :: 1 5 8 3 7 4 2 0 6>
<16:: 1 5 8 3 0 6 2 4 7 :: 1 5 8 3 6 0 2 4 7>
<16:: 1 8 7 3 0 4 2 5 6 :: 1 8 7 3 5 4 2 0 6>
<16:: 1 8 7 3 5 4 0 2 6 :: 1 8 7 3 5 4 2 0 6>
<17:: 1 5 8 0 2 7 6 3 4 :: 1 5 8 2 0 7 6 3 4>
This is Close list:
<0:: 0 0 0 0 0 0 0 0 0 :: NULL>
<14:: 1 5 8 2 0 7 6 3 4 :: 1 5 8 2 3 7 6 0 4>
<12:: 1 5 8 2 3 7 6 4 0 :: 1 5 8 2 3 7 6 0 4>
<13:: 1 5 8 2 3 7 6 0 4 :: 1 5 8 2 3 7 0 6 4>
<12:: 1 5 8 2 3 7 0 6 4 :: 1 5 8 0 3 7 2 6 4>
<13:: 1 5 8 0 3 7 2 6 4 :: 1 5 8 3 0 7 2 6 4>
<13:: 1 5 8 3 7 4 2 0 6 :: 1 5 8 3 7 4 2 6 0>
<13:: 1 5 8 3 6 0 2 4 7 :: 1 5 8 3 6 7 2 4 0>
<13:: 1 8 7 3 5 4 2 0 6 :: 1 8 7 3 5 4 2 6 0>
<10:: 1 8 7 3 5 4 2 6 0 :: 1 8 7 3 5 0 2 6 4>
<11:: 1 8 7 3 5 0 2 6 4 :: 1 8 0 3 5 7 2 6 4>
<12:: 1 8 0 3 5 7 2 6 4 :: 1 0 8 3 5 7 2 6 4>
<12:: 1 5 0 3 7 8 2 6 4 :: 1 5 8 3 7 0 2 6 4>
<10:: 1 5 8 3 6 7 2 4 0 :: 1 5 8 3 6 7 2 0 4>
<11:: 1 5 8 3 6 7 2 0 4 :: 1 5 8 3 0 7 2 6 4>
<10:: 1 5 8 3 7 4 2 6 0 :: 1 5 8 3 7 0 2 6 4>
<11:: 1 5 8 3 7 0 2 6 4 :: 1 5 8 3 0 7 2 6 4>
<11:: 1 0 8 3 5 7 2 6 4 :: 1 5 8 3 0 7 2 6 4>
<10:: 1 5 8 3 0 7 2 6 4 :: NULL>
This is Open list:
<0:: 0 0 0 0 0 0 0 0 0 :: NULL>
<14:: 1 8 7 3 0 5 2 6 4 :: 1 8 7 3 5 0 2 6 4>
<14:: 1 5 8 3 6 7 0 2 4 :: 1 5 8 3 6 7 2 0 4>
<14:: 0 1 8 3 5 7 2 6 4 :: 1 0 8 3 5 7 2 6 4>
<15:: 1 0 8 2 5 7 6 3 4 :: 1 5 8 2 0 7 6 3 4>
<15:: 1 5 8 2 7 0 6 3 4 :: 1 5 8 2 0 7 6 3 4>
<15:: 1 5 8 2 3 0 6 4 7 :: 1 5 8 2 3 7 6 4 0>
<15:: 1 0 5 3 7 8 2 6 4 :: 1 5 0 3 7 8 2 6 4>
<16:: 0 5 8 1 3 7 2 6 4 :: 1 5 8 0 3 7 2 6 4>
<16:: 1 5 8 3 0 4 2 7 6 :: 1 5 8 3 7 4 2 0 6>
<16:: 1 5 8 3 7 4 0 2 6 :: 1 5 8 3 7 4 2 0 6>
<16:: 1 5 8 3 0 6 2 4 7 :: 1 5 8 3 6 0 2 4 7>
<16:: 1 8 7 3 0 4 2 5 6 :: 1 8 7 3 5 4 2 0 6>
<16:: 1 8 7 3 5 4 0 2 6 :: 1 8 7 3 5 4 2 0 6>
<17:: 1 0 5 3 6 8 2 4 7 :: 1 5 0 3 6 8 2 4 7>
<17:: 1 5 8 0 2 7 6 3 4 :: 1 5 8 2 0 7 6 3 4>
This is Close list:
<0:: 0 0 0 0 0 0 0 0 0 :: NULL>
<14:: 1 5 0 3 6 8 2 4 7 :: 1 5 8 3 6 0 2 4 7>
<14:: 1 5 8 2 0 7 6 3 4 :: 1 5 8 2 3 7 6 0 4>
<12:: 1 5 8 2 3 7 6 4 0 :: 1 5 8 2 3 7 6 0 4>
<13:: 1 5 8 2 3 7 6 0 4 :: 1 5 8 2 3 7 0 6 4>
<12:: 1 5 8 2 3 7 0 6 4 :: 1 5 8 0 3 7 2 6 4>
<13:: 1 5 8 0 3 7 2 6 4 :: 1 5 8 3 0 7 2 6 4>
<13:: 1 5 8 3 7 4 2 0 6 :: 1 5 8 3 7 4 2 6 0>
<13:: 1 5 8 3 6 0 2 4 7 :: 1 5 8 3 6 7 2 4 0>
<13:: 1 8 7 3 5 4 2 0 6 :: 1 8 7 3 5 4 2 6 0>
<10:: 1 8 7 3 5 4 2 6 0 :: 1 8 7 3 5 0 2 6 4>
<11:: 1 8 7 3 5 0 2 6 4 :: 1 8 0 3 5 7 2 6 4>
<12:: 1 8 0 3 5 7 2 6 4 :: 1 0 8 3 5 7 2 6 4>
<12:: 1 5 0 3 7 8 2 6 4 :: 1 5 8 3 7 0 2 6 4>
<10:: 1 5 8 3 6 7 2 4 0 :: 1 5 8 3 6 7 2 0 4>
<11:: 1 5 8 3 6 7 2 0 4 :: 1 5 8 3 0 7 2 6 4>
<10:: 1 5 8 3 7 4 2 6 0 :: 1 5 8 3 7 0 2 6 4>
<11:: 1 5 8 3 7 0 2 6 4 :: 1 5 8 3 0 7 2 6 4>
<11:: 1 0 8 3 5 7 2 6 4 :: 1 5 8 3 0 7 2 6 4>
<10:: 1 5 8 3 0 7 2 6 4 :: NULL>
This is Open list:
<0:: 0 0 0 0 0 0 0 0 0 :: NULL>
<14:: 1 5 8 3 6 7 0 2 4 :: 1 5 8 3 6 7 2 0 4>
<14:: 0 1 8 3 5 7 2 6 4 :: 1 0 8 3 5 7 2 6 4>
<15:: 1 0 7 3 8 5 2 6 4 :: 1 8 7 3 0 5 2 6 4>
<15:: 1 8 7 3 6 5 2 0 4 :: 1 8 7 3 0 5 2 6 4>
<15:: 1 0 8 2 5 7 6 3 4 :: 1 5 8 2 0 7 6 3 4>
<15:: 1 5 8 2 7 0 6 3 4 :: 1 5 8 2 0 7 6 3 4>
<15:: 1 5 8 2 3 0 6 4 7 :: 1 5 8 2 3 7 6 4 0>
<15:: 1 0 5 3 7 8 2 6 4 :: 1 5 0 3 7 8 2 6 4>
<16:: 0 5 8 1 3 7 2 6 4 :: 1 5 8 0 3 7 2 6 4>
<16:: 1 5 8 3 0 4 2 7 6 :: 1 5 8 3 7 4 2 0 6>
<16:: 1 5 8 3 7 4 0 2 6 :: 1 5 8 3 7 4 2 0 6>
<16:: 1 5 8 3 0 6 2 4 7 :: 1 5 8 3 6 0 2 4 7>
<16:: 1 8 7 3 0 4 2 5 6 :: 1 8 7 3 5 4 2 0 6>
<16:: 1 8 7 3 5 4 0 2 6 :: 1 8 7 3 5 4 2 0 6>
<17:: 1 8 7 0 3 5 2 6 4 :: 1 8 7 3 0 5 2 6 4>
<17:: 1 0 5 3 6 8 2 4 7 :: 1 5 0 3 6 8 2 4 7>
<17:: 1 5 8 0 2 7 6 3 4 :: 1 5 8 2 0 7 6 3 4>
This is Close list:
<0:: 0 0 0 0 0 0 0 0 0 :: NULL>
<14:: 1 8 7 3 0 5 2 6 4 :: 1 8 7 3 5 0 2 6 4>
<14:: 1 5 0 3 6 8 2 4 7 :: 1 5 8 3 6 0 2 4 7>
<14:: 1 5 8 2 0 7 6 3 4 :: 1 5 8 2 3 7 6 0 4>
<12:: 1 5 8 2 3 7 6 4 0 :: 1 5 8 2 3 7 6 0 4>
<13:: 1 5 8 2 3 7 6 0 4 :: 1 5 8 2 3 7 0 6 4>
<12:: 1 5 8 2 3 7 0 6 4 :: 1 5 8 0 3 7 2 6 4>
<13:: 1 5 8 0 3 7 2 6 4 :: 1 5 8 3 0 7 2 6 4>
<13:: 1 5 8 3 7 4 2 0 6 :: 1 5 8 3 7 4 2 6 0>
<13:: 1 5 8 3 6 0 2 4 7 :: 1 5 8 3 6 7 2 4 0>
<13:: 1 8 7 3 5 4 2 0 6 :: 1 8 7 3 5 4 2 6 0>
<10:: 1 8 7 3 5 4 2 6 0 :: 1 8 7 3 5 0 2 6 4>
<11:: 1 8 7 3 5 0 2 6 4 :: 1 8 0 3 5 7 2 6 4>
<12:: 1 8 0 3 5 7 2 6 4 :: 1 0 8 3 5 7 2 6 4>
<12:: 1 5 0 3 7 8 2 6 4 :: 1 5 8 3 7 0 2 6 4>
<10:: 1 5 8 3 6 7 2 4 0 :: 1 5 8 3 6 7 2 0 4>
<11:: 1 5 8 3 6 7 2 0 4 :: 1 5 8 3 0 7 2 6 4>
<10:: 1 5 8 3 7 4 2 6 0 :: 1 5 8 3 7 0 2 6 4>
<11:: 1 5 8 3 7 0 2 6 4 :: 1 5 8 3 0 7 2 6 4>
<11:: 1 0 8 3 5 7 2 6 4 :: 1 5 8 3 0 7 2 6 4>
<10:: 1 5 8 3 0 7 2 6 4 :: NULL>
This is Open list:
<0:: 0 0 0 0 0 0 0 0 0 :: NULL>
<14:: 0 1 8 3 5 7 2 6 4 :: 1 0 8 3 5 7 2 6 4>
<15:: 1 5 8 0 6 7 3 2 4 :: 1 5 8 3 6 7 0 2 4>
<15:: 1 0 7 3 8 5 2 6 4 :: 1 8 7 3 0 5 2 6 4>
<15:: 1 8 7 3 6 5 2 0 4 :: 1 8 7 3 0 5 2 6 4>
<15:: 1 0 8 2 5 7 6 3 4 :: 1 5 8 2 0 7 6 3 4>
<15:: 1 5 8 2 7 0 6 3 4 :: 1 5 8 2 0 7 6 3 4>
<15:: 1 5 8 2 3 0 6 4 7 :: 1 5 8 2 3 7 6 4 0>
<15:: 1 0 5 3 7 8 2 6 4 :: 1 5 0 3 7 8 2 6 4>
<16:: 0 5 8 1 3 7 2 6 4 :: 1 5 8 0 3 7 2 6 4>
<16:: 1 5 8 3 0 4 2 7 6 :: 1 5 8 3 7 4 2 0 6>
<16:: 1 5 8 3 7 4 0 2 6 :: 1 5 8 3 7 4 2 0 6>
<16:: 1 5 8 3 0 6 2 4 7 :: 1 5 8 3 6 0 2 4 7>
<16:: 1 8 7 3 0 4 2 5 6 :: 1 8 7 3 5 4 2 0 6>
<16:: 1 8 7 3 5 4 0 2 6 :: 1 8 7 3 5 4 2 0 6>
<17:: 1 8 7 0 3 5 2 6 4 :: 1 8 7 3 0 5 2 6 4>
<17:: 1 0 5 3 6 8 2 4 7 :: 1 5 0 3 6 8 2 4 7>
<17:: 1 5 8 0 2 7 6 3 4 :: 1 5 8 2 0 7 6 3 4>
This is Close list:
<0:: 0 0 0 0 0 0 0 0 0 :: NULL>
<14:: 1 5 8 3 6 7 0 2 4 :: 1 5 8 3 6 7 2 0 4>
<14:: 1 8 7 3 0 5 2 6 4 :: 1 8 7 3 5 0 2 6 4>
<14:: 1 5 0 3 6 8 2 4 7 :: 1 5 8 3 6 0 2 4 7>
<14:: 1 5 8 2 0 7 6 3 4 :: 1 5 8 2 3 7 6 0 4>
<12:: 1 5 8 2 3 7 6 4 0 :: 1 5 8 2 3 7 6 0 4>
<13:: 1 5 8 2 3 7 6 0 4 :: 1 5 8 2 3 7 0 6 4>
<12:: 1 5 8 2 3 7 0 6 4 :: 1 5 8 0 3 7 2 6 4>
<13:: 1 5 8 0 3 7 2 6 4 :: 1 5 8 3 0 7 2 6 4>
<13:: 1 5 8 3 7 4 2 0 6 :: 1 5 8 3 7 4 2 6 0>
<13:: 1 5 8 3 6 0 2 4 7 :: 1 5 8 3 6 7 2 4 0>
<13:: 1 8 7 3 5 4 2 0 6 :: 1 8 7 3 5 4 2 6 0>
<10:: 1 8 7 3 5 4 2 6 0 :: 1 8 7 3 5 0 2 6 4>
<11:: 1 8 7 3 5 0 2 6 4 :: 1 8 0 3 5 7 2 6 4>
<12:: 1 8 0 3 5 7 2 6 4 :: 1 0 8 3 5 7 2 6 4>
<12:: 1 5 0 3 7 8 2 6 4 :: 1 5 8 3 7 0 2 6 4>
<10:: 1 5 8 3 6 7 2 4 0 :: 1 5 8 3 6 7 2 0 4>
<11:: 1 5 8 3 6 7 2 0 4 :: 1 5 8 3 0 7 2 6 4>
<10:: 1 5 8 3 7 4 2 6 0 :: 1 5 8 3 7 0 2 6 4>
<11:: 1 5 8 3 7 0 2 6 4 :: 1 5 8 3 0 7 2 6 4>
<11:: 1 0 8 3 5 7 2 6 4 :: 1 5 8 3 0 7 2 6 4>
<10:: 1 5 8 3 0 7 2 6 4 :: NULL>
This is Open list:
<0:: 0 0 0 0 0 0 0 0 0 :: NULL>
<15:: 3 1 8 0 5 7 2 6 4 :: 0 1 8 3 5 7 2 6 4>
<15:: 1 5 8 0 6 7 3 2 4 :: 1 5 8 3 6 7 0 2 4>
<15:: 1 0 7 3 8 5 2 6 4 :: 1 8 7 3 0 5 2 6 4>
<15:: 1 8 7 3 6 5 2 0 4 :: 1 8 7 3 0 5 2 6 4>
<15:: 1 0 8 2 5 7 6 3 4 :: 1 5 8 2 0 7 6 3 4>
<15:: 1 5 8 2 7 0 6 3 4 :: 1 5 8 2 0 7 6 3 4>
<15:: 1 5 8 2 3 0 6 4 7 :: 1 5 8 2 3 7 6 4 0>
<15:: 1 0 5 3 7 8 2 6 4 :: 1 5 0 3 7 8 2 6 4>
<16:: 0 5 8 1 3 7 2 6 4 :: 1 5 8 0 3 7 2 6 4>
<16:: 1 5 8 3 0 4 2 7 6 :: 1 5 8 3 7 4 2 0 6>
<16:: 1 5 8 3 7 4 0 2 6 :: 1 5 8 3 7 4 2 0 6>
<16:: 1 5 8 3 0 6 2 4 7 :: 1 5 8 3 6 0 2 4 7>
<16:: 1 8 7 3 0 4 2 5 6 :: 1 8 7 3 5 4 2 0 6>
<16:: 1 8 7 3 5 4 0 2 6 :: 1 8 7 3 5 4 2 0 6>
<17:: 1 8 7 0 3 5 2 6 4 :: 1 8 7 3 0 5 2 6 4>
<17:: 1 0 5 3 6 8 2 4 7 :: 1 5 0 3 6 8 2 4 7>
<17:: 1 5 8 0 2 7 6 3 4 :: 1 5 8 2 0 7 6 3 4>
This is Close list:
<0:: 0 0 0 0 0 0 0 0 0 :: NULL>
<14:: 0 1 8 3 5 7 2 6 4 :: 1 0 8 3 5 7 2 6 4>
<14:: 1 5 8 3 6 7 0 2 4 :: 1 5 8 3 6 7 2 0 4>
<14:: 1 8 7 3 0 5 2 6 4 :: 1 8 7 3 5 0 2 6 4>
<14:: 1 5 0 3 6 8 2 4 7 :: 1 5 8 3 6 0 2 4 7>
<14:: 1 5 8 2 0 7 6 3 4 :: 1 5 8 2 3 7 6 0 4>
<12:: 1 5 8 2 3 7 6 4 0 :: 1 5 8 2 3 7 6 0 4>
<13:: 1 5 8 2 3 7 6 0 4 :: 1 5 8 2 3 7 0 6 4>
<12:: 1 5 8 2 3 7 0 6 4 :: 1 5 8 0 3 7 2 6 4>
<13:: 1 5 8 0 3 7 2 6 4 :: 1 5 8 3 0 7 2 6 4>
<13:: 1 5 8 3 7 4 2 0 6 :: 1 5 8 3 7 4 2 6 0>
<13:: 1 5 8 3 6 0 2 4 7 :: 1 5 8 3 6 7 2 4 0>
<13:: 1 8 7 3 5 4 2 0 6 :: 1 8 7 3 5 4 2 6 0>
<10:: 1 8 7 3 5 4 2 6 0 :: 1 8 7 3 5 0 2 6 4>
<11:: 1 8 7 3 5 0 2 6 4 :: 1 8 0 3 5 7 2 6 4>
<12:: 1 8 0 3 5 7 2 6 4 :: 1 0 8 3 5 7 2 6 4>
<12:: 1 5 0 3 7 8 2 6 4 :: 1 5 8 3 7 0 2 6 4>
<10:: 1 5 8 3 6 7 2 4 0 :: 1 5 8 3 6 7 2 0 4>
<11:: 1 5 8 3 6 7 2 0 4 :: 1 5 8 3 0 7 2 6 4>
<10:: 1 5 8 3 7 4 2 6 0 :: 1 5 8 3 7 0 2 6 4>
<11:: 1 5 8 3 7 0 2 6 4 :: 1 5 8 3 0 7 2 6 4>
<11:: 1 0 8 3 5 7 2 6 4 :: 1 5 8 3 0 7 2 6 4>
<10:: 1 5 8 3 0 7 2 6 4 :: NULL>
This is Open list:
<0:: 0 0 0 0 0 0 0 0 0 :: NULL>
<14:: 3 1 8 2 5 7 0 6 4 :: 3 1 8 0 5 7 2 6 4>
<15:: 1 5 8 0 6 7 3 2 4 :: 1 5 8 3 6 7 0 2 4>
<15:: 1 0 7 3 8 5 2 6 4 :: 1 8 7 3 0 5 2 6 4>
<15:: 1 8 7 3 6 5 2 0 4 :: 1 8 7 3 0 5 2 6 4>
<15:: 1 0 8 2 5 7 6 3 4 :: 1 5 8 2 0 7 6 3 4>
<15:: 1 5 8 2 7 0 6 3 4 :: 1 5 8 2 0 7 6 3 4>
<15:: 1 5 8 2 3 0 6 4 7 :: 1 5 8 2 3 7 6 4 0>
<15:: 1 0 5 3 7 8 2 6 4 :: 1 5 0 3 7 8 2 6 4>
<16:: 3 1 8 5 0 7 2 6 4 :: 3 1 8 0 5 7 2 6 4>
<16:: 0 5 8 1 3 7 2 6 4 :: 1 5 8 0 3 7 2 6 4>
<16:: 1 5 8 3 0 4 2 7 6 :: 1 5 8 3 7 4 2 0 6>
<16:: 1 5 8 3 7 4 0 2 6 :: 1 5 8 3 7 4 2 0 6>
<16:: 1 5 8 3 0 6 2 4 7 :: 1 5 8 3 6 0 2 4 7>
<16:: 1 8 7 3 0 4 2 5 6 :: 1 8 7 3 5 4 2 0 6>
<16:: 1 8 7 3 5 4 0 2 6 :: 1 8 7 3 5 4 2 0 6>
<17:: 1 8 7 0 3 5 2 6 4 :: 1 8 7 3 0 5 2 6 4>
<17:: 1 0 5 3 6 8 2 4 7 :: 1 5 0 3 6 8 2 4 7>
<17:: 1 5 8 0 2 7 6 3 4 :: 1 5 8 2 0 7 6 3 4>
This is Close list:
<0:: 0 0 0 0 0 0 0 0 0 :: NULL>
<15:: 3 1 8 0 5 7 2 6 4 :: 0 1 8 3 5 7 2 6 4>
<14:: 0 1 8 3 5 7 2 6 4 :: 1 0 8 3 5 7 2 6 4>
<14:: 1 5 8 3 6 7 0 2 4 :: 1 5 8 3 6 7 2 0 4>
<14:: 1 8 7 3 0 5 2 6 4 :: 1 8 7 3 5 0 2 6 4>
<14:: 1 5 0 3 6 8 2 4 7 :: 1 5 8 3 6 0 2 4 7>
<14:: 1 5 8 2 0 7 6 3 4 :: 1 5 8 2 3 7 6 0 4>
<12:: 1 5 8 2 3 7 6 4 0 :: 1 5 8 2 3 7 6 0 4>
<13:: 1 5 8 2 3 7 6 0 4 :: 1 5 8 2 3 7 0 6 4>
<12:: 1 5 8 2 3 7 0 6 4 :: 1 5 8 0 3 7 2 6 4>
<13:: 1 5 8 0 3 7 2 6 4 :: 1 5 8 3 0 7 2 6 4>
<13:: 1 5 8 3 7 4 2 0 6 :: 1 5 8 3 7 4 2 6 0>
<13:: 1 5 8 3 6 0 2 4 7 :: 1 5 8 3 6 7 2 4 0>
<13:: 1 8 7 3 5 4 2 0 6 :: 1 8 7 3 5 4 2 6 0>
<10:: 1 8 7 3 5 4 2 6 0 :: 1 8 7 3 5 0 2 6 4>
<11:: 1 8 7 3 5 0 2 6 4 :: 1 8 0 3 5 7 2 6 4>
<12:: 1 8 0 3 5 7 2 6 4 :: 1 0 8 3 5 7 2 6 4>
<12:: 1 5 0 3 7 8 2 6 4 :: 1 5 8 3 7 0 2 6 4>
<10:: 1 5 8 3 6 7 2 4 0 :: 1 5 8 3 6 7 2 0 4>
<11:: 1 5 8 3 6 7 2 0 4 :: 1 5 8 3 0 7 2 6 4>
<10:: 1 5 8 3 7 4 2 6 0 :: 1 5 8 3 7 0 2 6 4>
<11:: 1 5 8 3 7 0 2 6 4 :: 1 5 8 3 0 7 2 6 4>
<11:: 1 0 8 3 5 7 2 6 4 :: 1 5 8 3 0 7 2 6 4>
<10:: 1 5 8 3 0 7 2 6 4 :: NULL>
This is Open list:
<0:: 0 0 0 0 0 0 0 0 0 :: NULL>
<15:: 3 1 8 2 5 7 6 0 4 :: 3 1 8 2 5 7 0 6 4>
<15:: 1 5 8 0 6 7 3 2 4 :: 1 5 8 3 6 7 0 2 4>
<15:: 1 0 7 3 8 5 2 6 4 :: 1 8 7 3 0 5 2 6 4>
<15:: 1 8 7 3 6 5 2 0 4 :: 1 8 7 3 0 5 2 6 4>
<15:: 1 0 8 2 5 7 6 3 4 :: 1 5 8 2 0 7 6 3 4>
<15:: 1 5 8 2 7 0 6 3 4 :: 1 5 8 2 0 7 6 3 4>
<15:: 1 5 8 2 3 0 6 4 7 :: 1 5 8 2 3 7 6 4 0>
<15:: 1 0 5 3 7 8 2 6 4 :: 1 5 0 3 7 8 2 6 4>
<16:: 3 1 8 5 0 7 2 6 4 :: 3 1 8 0 5 7 2 6 4>
<16:: 0 5 8 1 3 7 2 6 4 :: 1 5 8 0 3 7 2 6 4>
<16:: 1 5 8 3 0 4 2 7 6 :: 1 5 8 3 7 4 2 0 6>
<16:: 1 5 8 3 7 4 0 2 6 :: 1 5 8 3 7 4 2 0 6>
<16:: 1 5 8 3 0 6 2 4 7 :: 1 5 8 3 6 0 2 4 7>
<16:: 1 8 7 3 0 4 2 5 6 :: 1 8 7 3 5 4 2 0 6>
<16:: 1 8 7 3 5 4 0 2 6 :: 1 8 7 3 5 4 2 0 6>
<17:: 1 8 7 0 3 5 2 6 4 :: 1 8 7 3 0 5 2 6 4>
<17:: 1 0 5 3 6 8 2 4 7 :: 1 5 0 3 6 8 2 4 7>
<17:: 1 5 8 0 2 7 6 3 4 :: 1 5 8 2 0 7 6 3 4>
This is Close list:
<0:: 0 0 0 0 0 0 0 0 0 :: NULL>
<14:: 3 1 8 2 5 7 0 6 4 :: 3 1 8 0 5 7 2 6 4>
<15:: 3 1 8 0 5 7 2 6 4 :: 0 1 8 3 5 7 2 6 4>
<14:: 0 1 8 3 5 7 2 6 4 :: 1 0 8 3 5 7 2 6 4>
<14:: 1 5 8 3 6 7 0 2 4 :: 1 5 8 3 6 7 2 0 4>
<14:: 1 8 7 3 0 5 2 6 4 :: 1 8 7 3 5 0 2 6 4>
<14:: 1 5 0 3 6 8 2 4 7 :: 1 5 8 3 6 0 2 4 7>
<14:: 1 5 8 2 0 7 6 3 4 :: 1 5 8 2 3 7 6 0 4>
<12:: 1 5 8 2 3 7 6 4 0 :: 1 5 8 2 3 7 6 0 4>
<13:: 1 5 8 2 3 7 6 0 4 :: 1 5 8 2 3 7 0 6 4>
<12:: 1 5 8 2 3 7 0 6 4 :: 1 5 8 0 3 7 2 6 4>
<13:: 1 5 8 0 3 7 2 6 4 :: 1 5 8 3 0 7 2 6 4>
<13:: 1 5 8 3 7 4 2 0 6 :: 1 5 8 3 7 4 2 6 0>
<13:: 1 5 8 3 6 0 2 4 7 :: 1 5 8 3 6 7 2 4 0>
<13:: 1 8 7 3 5 4 2 0 6 :: 1 8 7 3 5 4 2 6 0>
<10:: 1 8 7 3 5 4 2 6 0 :: 1 8 7 3 5 0 2 6 4>
<11:: 1 8 7 3 5 0 2 6 4 :: 1 8 0 3 5 7 2 6 4>
<12:: 1 8 0 3 5 7 2 6 4 :: 1 0 8 3 5 7 2 6 4>
<12:: 1 5 0 3 7 8 2 6 4 :: 1 5 8 3 7 0 2 6 4>
<10:: 1 5 8 3 6 7 2 4 0 :: 1 5 8 3 6 7 2 0 4>
<11:: 1 5 8 3 6 7 2 0 4 :: 1 5 8 3 0 7 2 6 4>
<10:: 1 5 8 3 7 4 2 6 0 :: 1 5 8 3 7 0 2 6 4>
<11:: 1 5 8 3 7 0 2 6 4 :: 1 5 8 3 0 7 2 6 4>
<11:: 1 0 8 3 5 7 2 6 4 :: 1 5 8 3 0 7 2 6 4>
<10:: 1 5 8 3 0 7 2 6 4 :: NULL>
This is Open list:
<0:: 0 0 0 0 0 0 0 0 0 :: NULL>
<14:: 3 1 8 2 5 7 6 4 0 :: 3 1 8 2 5 7 6 0 4>
<15:: 1 5 8 0 6 7 3 2 4 :: 1 5 8 3 6 7 0 2 4>
<15:: 1 0 7 3 8 5 2 6 4 :: 1 8 7 3 0 5 2 6 4>
<15:: 1 8 7 3 6 5 2 0 4 :: 1 8 7 3 0 5 2 6 4>
<15:: 1 0 8 2 5 7 6 3 4 :: 1 5 8 2 0 7 6 3 4>
<15:: 1 5 8 2 7 0 6 3 4 :: 1 5 8 2 0 7 6 3 4>
<15:: 1 5 8 2 3 0 6 4 7 :: 1 5 8 2 3 7 6 4 0>
<15:: 1 0 5 3 7 8 2 6 4 :: 1 5 0 3 7 8 2 6 4>
<16:: 3 1 8 5 0 7 2 6 4 :: 3 1 8 0 5 7 2 6 4>
<16:: 0 5 8 1 3 7 2 6 4 :: 1 5 8 0 3 7 2 6 4>
<16:: 1 5 8 3 0 4 2 7 6 :: 1 5 8 3 7 4 2 0 6>
<16:: 1 5 8 3 7 4 0 2 6 :: 1 5 8 3 7 4 2 0 6>
<16:: 1 5 8 3 0 6 2 4 7 :: 1 5 8 3 6 0 2 4 7>
<16:: 1 8 7 3 0 4 2 5 6 :: 1 8 7 3 5 4 2 0 6>
<16:: 1 8 7 3 5 4 0 2 6 :: 1 8 7 3 5 4 2 0 6>
<17:: 1 8 7 0 3 5 2 6 4 :: 1 8 7 3 0 5 2 6 4>
<17:: 1 0 5 3 6 8 2 4 7 :: 1 5 0 3 6 8 2 4 7>
<17:: 1 5 8 0 2 7 6 3 4 :: 1 5 8 2 0 7 6 3 4>
<18:: 3 1 8 2 0 7 6 5 4 :: 3 1 8 2 5 7 6 0 4>
This is Close list:
<0:: 0 0 0 0 0 0 0 0 0 :: NULL>
<15:: 3 1 8 2 5 7 6 0 4 :: 3 1 8 2 5 7 0 6 4>
<14:: 3 1 8 2 5 7 0 6 4 :: 3 1 8 0 5 7 2 6 4>
<15:: 3 1 8 0 5 7 2 6 4 :: 0 1 8 3 5 7 2 6 4>
<14:: 0 1 8 3 5 7 2 6 4 :: 1 0 8 3 5 7 2 6 4>
<14:: 1 5 8 3 6 7 0 2 4 :: 1 5 8 3 6 7 2 0 4>
<14:: 1 8 7 3 0 5 2 6 4 :: 1 8 7 3 5 0 2 6 4>
<14:: 1 5 0 3 6 8 2 4 7 :: 1 5 8 3 6 0 2 4 7>
<14:: 1 5 8 2 0 7 6 3 4 :: 1 5 8 2 3 7 6 0 4>
<12:: 1 5 8 2 3 7 6 4 0 :: 1 5 8 2 3 7 6 0 4>
<13:: 1 5 8 2 3 7 6 0 4 :: 1 5 8 2 3 7 0 6 4>
<12:: 1 5 8 2 3 7 0 6 4 :: 1 5 8 0 3 7 2 6 4>
<13:: 1 5 8 0 3 7 2 6 4 :: 1 5 8 3 0 7 2 6 4>
<13:: 1 5 8 3 7 4 2 0 6 :: 1 5 8 3 7 4 2 6 0>
<13:: 1 5 8 3 6 0 2 4 7 :: 1 5 8 3 6 7 2 4 0>
<13:: 1 8 7 3 5 4 2 0 6 :: 1 8 7 3 5 4 2 6 0>
<10:: 1 8 7 3 5 4 2 6 0 :: 1 8 7 3 5 0 2 6 4>
<11:: 1 8 7 3 5 0 2 6 4 :: 1 8 0 3 5 7 2 6 4>
<12:: 1 8 0 3 5 7 2 6 4 :: 1 0 8 3 5 7 2 6 4>
<12:: 1 5 0 3 7 8 2 6 4 :: 1 5 8 3 7 0 2 6 4>
<10:: 1 5 8 3 6 7 2 4 0 :: 1 5 8 3 6 7 2 0 4>
<11:: 1 5 8 3 6 7 2 0 4 :: 1 5 8 3 0 7 2 6 4>
<10:: 1 5 8 3 7 4 2 6 0 :: 1 5 8 3 7 0 2 6 4>
<11:: 1 5 8 3 7 0 2 6 4 :: 1 5 8 3 0 7 2 6 4>
<11:: 1 0 8 3 5 7 2 6 4 :: 1 5 8 3 0 7 2 6 4>
<10:: 1 5 8 3 0 7 2 6 4 :: NULL>
This is Open list:
<0:: 0 0 0 0 0 0 0 0 0 :: NULL>
<15:: 1 5 8 0 6 7 3 2 4 :: 1 5 8 3 6 7 0 2 4>
<15:: 1 0 7 3 8 5 2 6 4 :: 1 8 7 3 0 5 2 6 4>
<15:: 1 8 7 3 6 5 2 0 4 :: 1 8 7 3 0 5 2 6 4>
<15:: 1 0 8 2 5 7 6 3 4 :: 1 5 8 2 0 7 6 3 4>
<15:: 1 5 8 2 7 0 6 3 4 :: 1 5 8 2 0 7 6 3 4>
<15:: 1 5 8 2 3 0 6 4 7 :: 1 5 8 2 3 7 6 4 0>
<15:: 1 0 5 3 7 8 2 6 4 :: 1 5 0 3 7 8 2 6 4>
<16:: 3 1 8 5 0 7 2 6 4 :: 3 1 8 0 5 7 2 6 4>
<16:: 0 5 8 1 3 7 2 6 4 :: 1 5 8 0 3 7 2 6 4>
<16:: 1 5 8 3 0 4 2 7 6 :: 1 5 8 3 7 4 2 0 6>
<16:: 1 5 8 3 7 4 0 2 6 :: 1 5 8 3 7 4 2 0 6>
<16:: 1 5 8 3 0 6 2 4 7 :: 1 5 8 3 6 0 2 4 7>
<16:: 1 8 7 3 0 4 2 5 6 :: 1 8 7 3 5 4 2 0 6>
<16:: 1 8 7 3 5 4 0 2 6 :: 1 8 7 3 5 4 2 0 6>
<17:: 3 1 8 2 5 0 6 4 7 :: 3 1 8 2 5 7 6 4 0>
<17:: 1 8 7 0 3 5 2 6 4 :: 1 8 7 3 0 5 2 6 4>
<17:: 1 0 5 3 6 8 2 4 7 :: 1 5 0 3 6 8 2 4 7>
<17:: 1 5 8 0 2 7 6 3 4 :: 1 5 8 2 0 7 6 3 4>
<18:: 3 1 8 2 0 7 6 5 4 :: 3 1 8 2 5 7 6 0 4>
This is Close list:
<0:: 0 0 0 0 0 0 0 0 0 :: NULL>
<14:: 3 1 8 2 5 7 6 4 0 :: 3 1 8 2 5 7 6 0 4>
<15:: 3 1 8 2 5 7 6 0 4 :: 3 1 8 2 5 7 0 6 4>
<14:: 3 1 8 2 5 7 0 6 4 :: 3 1 8 0 5 7 2 6 4>
<15:: 3 1 8 0 5 7 2 6 4 :: 0 1 8 3 5 7 2 6 4>
<14:: 0 1 8 3 5 7 2 6 4 :: 1 0 8 3 5 7 2 6 4>
<14:: 1 5 8 3 6 7 0 2 4 :: 1 5 8 3 6 7 2 0 4>
<14:: 1 8 7 3 0 5 2 6 4 :: 1 8 7 3 5 0 2 6 4>
<14:: 1 5 0 3 6 8 2 4 7 :: 1 5 8 3 6 0 2 4 7>
<14:: 1 5 8 2 0 7 6 3 4 :: 1 5 8 2 3 7 6 0 4>
<12:: 1 5 8 2 3 7 6 4 0 :: 1 5 8 2 3 7 6 0 4>
<13:: 1 5 8 2 3 7 6 0 4 :: 1 5 8 2 3 7 0 6 4>
<12:: 1 5 8 2 3 7 0 6 4 :: 1 5 8 0 3 7 2 6 4>
<13:: 1 5 8 0 3 7 2 6 4 :: 1 5 8 3 0 7 2 6 4>
<13:: 1 5 8 3 7 4 2 0 6 :: 1 5 8 3 7 4 2 6 0>
<13:: 1 5 8 3 6 0 2 4 7 :: 1 5 8 3 6 7 2 4 0>
<13:: 1 8 7 3 5 4 2 0 6 :: 1 8 7 3 5 4 2 6 0>
<10:: 1 8 7 3 5 4 2 6 0 :: 1 8 7 3 5 0 2 6 4>
<11:: 1 8 7 3 5 0 2 6 4 :: 1 8 0 3 5 7 2 6 4>
<12:: 1 8 0 3 5 7 2 6 4 :: 1 0 8 3 5 7 2 6 4>
<12:: 1 5 0 3 7 8 2 6 4 :: 1 5 8 3 7 0 2 6 4>
<10:: 1 5 8 3 6 7 2 4 0 :: 1 5 8 3 6 7 2 0 4>
<11:: 1 5 8 3 6 7 2 0 4 :: 1 5 8 3 0 7 2 6 4>
<10:: 1 5 8 3 7 4 2 6 0 :: 1 5 8 3 7 0 2 6 4>
<11:: 1 5 8 3 7 0 2 6 4 :: 1 5 8 3 0 7 2 6 4>
<11:: 1 0 8 3 5 7 2 6 4 :: 1 5 8 3 0 7 2 6 4>
<10:: 1 5 8 3 0 7 2 6 4 :: NULL>
This is Open list:
<0:: 0 0 0 0 0 0 0 0 0 :: NULL>
<15:: 1 0 7 3 8 5 2 6 4 :: 1 8 7 3 0 5 2 6 4>
<15:: 1 8 7 3 6 5 2 0 4 :: 1 8 7 3 0 5 2 6 4>
<15:: 1 0 8 2 5 7 6 3 4 :: 1 5 8 2 0 7 6 3 4>
<15:: 1 5 8 2 7 0 6 3 4 :: 1 5 8 2 0 7 6 3 4>
<15:: 1 5 8 2 3 0 6 4 7 :: 1 5 8 2 3 7 6 4 0>
<15:: 1 0 5 3 7 8 2 6 4 :: 1 5 0 3 7 8 2 6 4>
<16:: 1 5 8 6 0 7 3 2 4 :: 1 5 8 0 6 7 3 2 4>
<16:: 3 1 8 5 0 7 2 6 4 :: 3 1 8 0 5 7 2 6 4>
<16:: 0 5 8 1 3 7 2 6 4 :: 1 5 8 0 3 7 2 6 4>
<16:: 1 5 8 3 0 4 2 7 6 :: 1 5 8 3 7 4 2 0 6>
<16:: 1 5 8 3 7 4 0 2 6 :: 1 5 8 3 7 4 2 0 6>
<16:: 1 5 8 3 0 6 2 4 7 :: 1 5 8 3 6 0 2 4 7>
<16:: 1 8 7 3 0 4 2 5 6 :: 1 8 7 3 5 4 2 0 6>
<16:: 1 8 7 3 5 4 0 2 6 :: 1 8 7 3 5 4 2 0 6>
<17:: 3 1 8 2 5 0 6 4 7 :: 3 1 8 2 5 7 6 4 0>
<17:: 1 8 7 0 3 5 2 6 4 :: 1 8 7 3 0 5 2 6 4>
<17:: 1 0 5 3 6 8 2 4 7 :: 1 5 0 3 6 8 2 4 7>
<17:: 1 5 8 0 2 7 6 3 4 :: 1 5 8 2 0 7 6 3 4>
<18:: 0 5 8 1 6 7 3 2 4 :: 1 5 8 0 6 7 3 2 4>
<18:: 3 1 8 2 0 7 6 5 4 :: 3 1 8 2 5 7 6 0 4>
This is Close list:
<0:: 0 0 0 0 0 0 0 0 0 :: NULL>
<15:: 1 5 8 0 6 7 3 2 4 :: 1 5 8 3 6 7 0 2 4>
<14:: 3 1 8 2 5 7 6 4 0 :: 3 1 8 2 5 7 6 0 4>
<15:: 3 1 8 2 5 7 6 0 4 :: 3 1 8 2 5 7 0 6 4>
<14:: 3 1 8 2 5 7 0 6 4 :: 3 1 8 0 5 7 2 6 4>
<15:: 3 1 8 0 5 7 2 6 4 :: 0 1 8 3 5 7 2 6 4>
<14:: 0 1 8 3 5 7 2 6 4 :: 1 0 8 3 5 7 2 6 4>
<14:: 1 5 8 3 6 7 0 2 4 :: 1 5 8 3 6 7 2 0 4>
<14:: 1 8 7 3 0 5 2 6 4 :: 1 8 7 3 5 0 2 6 4>
<14:: 1 5 0 3 6 8 2 4 7 :: 1 5 8 3 6 0 2 4 7>
<14:: 1 5 8 2 0 7 6 3 4 :: 1 5 8 2 3 7 6 0 4>
<12:: 1 5 8 2 3 7 6 4 0 :: 1 5 8 2 3 7 6 0 4>
<13:: 1 5 8 2 3 7 6 0 4 :: 1 5 8 2 3 7 0 6 4>
<12:: 1 5 8 2 3 7 0 6 4 :: 1 5 8 0 3 7 2 6 4>
<13:: 1 5 8 0 3 7 2 6 4 :: 1 5 8 3 0 7 2 6 4>
<13:: 1 5 8 3 7 4 2 0 6 :: 1 5 8 3 7 4 2 6 0>
<13:: 1 5 8 3 6 0 2 4 7 :: 1 5 8 3 6 7 2 4 0>
<13:: 1 8 7 3 5 4 2 0 6 :: 1 8 7 3 5 4 2 6 0>
<10:: 1 8 7 3 5 4 2 6 0 :: 1 8 7 3 5 0 2 6 4>
<11:: 1 8 7 3 5 0 2 6 4 :: 1 8 0 3 5 7 2 6 4>
<12:: 1 8 0 3 5 7 2 6 4 :: 1 0 8 3 5 7 2 6 4>
<12:: 1 5 0 3 7 8 2 6 4 :: 1 5 8 3 7 0 2 6 4>
<10:: 1 5 8 3 6 7 2 4 0 :: 1 5 8 3 6 7 2 0 4>
<11:: 1 5 8 3 6 7 2 0 4 :: 1 5 8 3 0 7 2 6 4>
<10:: 1 5 8 3 7 4 2 6 0 :: 1 5 8 3 7 0 2 6 4>
<11:: 1 5 8 3 7 0 2 6 4 :: 1 5 8 3 0 7 2 6 4>
<11:: 1 0 8 3 5 7 2 6 4 :: 1 5 8 3 0 7 2 6 4>
<10:: 1 5 8 3 0 7 2 6 4 :: NULL>
This is Open list:
<0:: 0 0 0 0 0 0 0 0 0 :: NULL>
<15:: 1 8 7 3 6 5 2 0 4 :: 1 8 7 3 0 5 2 6 4>
<15:: 1 0 8 2 5 7 6 3 4 :: 1 5 8 2 0 7 6 3 4>
<15:: 1 5 8 2 7 0 6 3 4 :: 1 5 8 2 0 7 6 3 4>
<15:: 1 5 8 2 3 0 6 4 7 :: 1 5 8 2 3 7 6 4 0>
<15:: 1 0 5 3 7 8 2 6 4 :: 1 5 0 3 7 8 2 6 4>
<16:: 1 7 0 3 8 5 2 6 4 :: 1 0 7 3 8 5 2 6 4>
<16:: 1 5 8 6 0 7 3 2 4 :: 1 5 8 0 6 7 3 2 4>
<16:: 3 1 8 5 0 7 2 6 4 :: 3 1 8 0 5 7 2 6 4>
<16:: 0 5 8 1 3 7 2 6 4 :: 1 5 8 0 3 7 2 6 4>
<16:: 1 5 8 3 0 4 2 7 6 :: 1 5 8 3 7 4 2 0 6>
<16:: 1 5 8 3 7 4 0 2 6 :: 1 5 8 3 7 4 2 0 6>
<16:: 1 5 8 3 0 6 2 4 7 :: 1 5 8 3 6 0 2 4 7>
<16:: 1 8 7 3 0 4 2 5 6 :: 1 8 7 3 5 4 2 0 6>
<16:: 1 8 7 3 5 4 0 2 6 :: 1 8 7 3 5 4 2 0 6>
<17:: 3 1 8 2 5 0 6 4 7 :: 3 1 8 2 5 7 6 4 0>
<17:: 1 8 7 0 3 5 2 6 4 :: 1 8 7 3 0 5 2 6 4>
<17:: 1 0 5 3 6 8 2 4 7 :: 1 5 0 3 6 8 2 4 7>
<17:: 1 5 8 0 2 7 6 3 4 :: 1 5 8 2 0 7 6 3 4>
<18:: 0 1 7 3 8 5 2 6 4 :: 1 0 7 3 8 5 2 6 4>
<18:: 0 5 8 1 6 7 3 2 4 :: 1 5 8 0 6 7 3 2 4>
<18:: 3 1 8 2 0 7 6 5 4 :: 3 1 8 2 5 7 6 0 4>
This is Close list:
<0:: 0 0 0 0 0 0 0 0 0 :: NULL>
<15:: 1 0 7 3 8 5 2 6 4 :: 1 8 7 3 0 5 2 6 4>
<15:: 1 5 8 0 6 7 3 2 4 :: 1 5 8 3 6 7 0 2 4>
<14:: 3 1 8 2 5 7 6 4 0 :: 3 1 8 2 5 7 6 0 4>
<15:: 3 1 8 2 5 7 6 0 4 :: 3 1 8 2 5 7 0 6 4>
<14:: 3 1 8 2 5 7 0 6 4 :: 3 1 8 0 5 7 2 6 4>
<15:: 3 1 8 0 5 7 2 6 4 :: 0 1 8 3 5 7 2 6 4>
<14:: 0 1 8 3 5 7 2 6 4 :: 1 0 8 3 5 7 2 6 4>
<14:: 1 5 8 3 6 7 0 2 4 :: 1 5 8 3 6 7 2 0 4>
<14:: 1 8 7 3 0 5 2 6 4 :: 1 8 7 3 5 0 2 6 4>
<14:: 1 5 0 3 6 8 2 4 7 :: 1 5 8 3 6 0 2 4 7>
<14:: 1 5 8 2 0 7 6 3 4 :: 1 5 8 2 3 7 6 0 4>
<12:: 1 5 8 2 3 7 6 4 0 :: 1 5 8 2 3 7 6 0 4>
<13:: 1 5 8 2 3 7 6 0 4 :: 1 5 8 2 3 7 0 6 4>
<12:: 1 5 8 2 3 7 0 6 4 :: 1 5 8 0 3 7 2 6 4>
<13:: 1 5 8 0 3 7 2 6 4 :: 1 5 8 3 0 7 2 6 4>
<13:: 1 5 8 3 7 4 2 0 6 :: 1 5 8 3 7 4 2 6 0>
<13:: 1 5 8 3 6 0 2 4 7 :: 1 5 8 3 6 7 2 4 0>
<13:: 1 8 7 3 5 4 2 0 6 :: 1 8 7 3 5 4 2 6 0>
<10:: 1 8 7 3 5 4 2 6 0 :: 1 8 7 3 5 0 2 6 4>
<11:: 1 8 7 3 5 0 2 6 4 :: 1 8 0 3 5 7 2 6 4>
<12:: 1 8 0 3 5 7 2 6 4 :: 1 0 8 3 5 7 2 6 4>
<12:: 1 5 0 3 7 8 2 6 4 :: 1 5 8 3 7 0 2 6 4>
<10:: 1 5 8 3 6 7 2 4 0 :: 1 5 8 3 6 7 2 0 4>
<11:: 1 5 8 3 6 7 2 0 4 :: 1 5 8 3 0 7 2 6 4>
<10:: 1 5 8 3 7 4 2 6 0 :: 1 5 8 3 7 0 2 6 4>
<11:: 1 5 8 3 7 0 2 6 4 :: 1 5 8 3 0 7 2 6 4>
<11:: 1 0 8 3 5 7 2 6 4 :: 1 5 8 3 0 7 2 6 4>
<10:: 1 5 8 3 0 7 2 6 4 :: NULL>
This is Open list:
<0:: 0 0 0 0 0 0 0 0 0 :: NULL>
<14:: 1 8 7 3 6 5 2 4 0 :: 1 8 7 3 6 5 2 0 4>
<15:: 1 0 8 2 5 7 6 3 4 :: 1 5 8 2 0 7 6 3 4>
<15:: 1 5 8 2 7 0 6 3 4 :: 1 5 8 2 0 7 6 3 4>
<15:: 1 5 8 2 3 0 6 4 7 :: 1 5 8 2 3 7 6 4 0>
<15:: 1 0 5 3 7 8 2 6 4 :: 1 5 0 3 7 8 2 6 4>
<16:: 1 7 0 3 8 5 2 6 4 :: 1 0 7 3 8 5 2 6 4>
<16:: 1 5 8 6 0 7 3 2 4 :: 1 5 8 0 6 7 3 2 4>
<16:: 3 1 8 5 0 7 2 6 4 :: 3 1 8 0 5 7 2 6 4>
<16:: 0 5 8 1 3 7 2 6 4 :: 1 5 8 0 3 7 2 6 4>
<16:: 1 5 8 3 0 4 2 7 6 :: 1 5 8 3 7 4 2 0 6>
<16:: 1 5 8 3 7 4 0 2 6 :: 1 5 8 3 7 4 2 0 6>
<16:: 1 5 8 3 0 6 2 4 7 :: 1 5 8 3 6 0 2 4 7>
<16:: 1 8 7 3 0 4 2 5 6 :: 1 8 7 3 5 4 2 0 6>
<16:: 1 8 7 3 5 4 0 2 6 :: 1 8 7 3 5 4 2 0 6>
<17:: 3 1 8 2 5 0 6 4 7 :: 3 1 8 2 5 7 6 4 0>
<17:: 1 8 7 0 3 5 2 6 4 :: 1 8 7 3 0 5 2 6 4>
<17:: 1 0 5 3 6 8 2 4 7 :: 1 5 0 3 6 8 2 4 7>
<17:: 1 5 8 0 2 7 6 3 4 :: 1 5 8 2 0 7 6 3 4>
<18:: 1 8 7 3 6 5 0 2 4 :: 1 8 7 3 6 5 2 0 4>
<18:: 0 1 7 3 8 5 2 6 4 :: 1 0 7 3 8 5 2 6 4>
<18:: 0 5 8 1 6 7 3 2 4 :: 1 5 8 0 6 7 3 2 4>
<18:: 3 1 8 2 0 7 6 5 4 :: 3 1 8 2 5 7 6 0 4>
This is Close list:
<0:: 0 0 0 0 0 0 0 0 0 :: NULL>
<15:: 1 8 7 3 6 5 2 0 4 :: 1 8 7 3 0 5 2 6 4>
<15:: 1 0 7 3 8 5 2 6 4 :: 1 8 7 3 0 5 2 6 4>
<15:: 1 5 8 0 6 7 3 2 4 :: 1 5 8 3 6 7 0 2 4>
<14:: 3 1 8 2 5 7 6 4 0 :: 3 1 8 2 5 7 6 0 4>
<15:: 3 1 8 2 5 7 6 0 4 :: 3 1 8 2 5 7 0 6 4>
<14:: 3 1 8 2 5 7 0 6 4 :: 3 1 8 0 5 7 2 6 4>
<15:: 3 1 8 0 5 7 2 6 4 :: 0 1 8 3 5 7 2 6 4>
<14:: 0 1 8 3 5 7 2 6 4 :: 1 0 8 3 5 7 2 6 4>
<14:: 1 5 8 3 6 7 0 2 4 :: 1 5 8 3 6 7 2 0 4>
<14:: 1 8 7 3 0 5 2 6 4 :: 1 8 7 3 5 0 2 6 4>
<14:: 1 5 0 3 6 8 2 4 7 :: 1 5 8 3 6 0 2 4 7>
<14:: 1 5 8 2 0 7 6 3 4 :: 1 5 8 2 3 7 6 0 4>
<12:: 1 5 8 2 3 7 6 4 0 :: 1 5 8 2 3 7 6 0 4>
<13:: 1 5 8 2 3 7 6 0 4 :: 1 5 8 2 3 7 0 6 4>
<12:: 1 5 8 2 3 7 0 6 4 :: 1 5 8 0 3 7 2 6 4>
<13:: 1 5 8 0 3 7 2 6 4 :: 1 5 8 3 0 7 2 6 4>
<13:: 1 5 8 3 7 4 2 0 6 :: 1 5 8 3 7 4 2 6 0>
<13:: 1 5 8 3 6 0 2 4 7 :: 1 5 8 3 6 7 2 4 0>
<13:: 1 8 7 3 5 4 2 0 6 :: 1 8 7 3 5 4 2 6 0>
<10:: 1 8 7 3 5 4 2 6 0 :: 1 8 7 3 5 0 2 6 4>
<11:: 1 8 7 3 5 0 2 6 4 :: 1 8 0 3 5 7 2 6 4>
<12:: 1 8 0 3 5 7 2 6 4 :: 1 0 8 3 5 7 2 6 4>
<12:: 1 5 0 3 7 8 2 6 4 :: 1 5 8 3 7 0 2 6 4>
<10:: 1 5 8 3 6 7 2 4 0 :: 1 5 8 3 6 7 2 0 4>
<11:: 1 5 8 3 6 7 2 0 4 :: 1 5 8 3 0 7 2 6 4>
<10:: 1 5 8 3 7 4 2 6 0 :: 1 5 8 3 7 0 2 6 4>
<11:: 1 5 8 3 7 0 2 6 4 :: 1 5 8 3 0 7 2 6 4>
<11:: 1 0 8 3 5 7 2 6 4 :: 1 5 8 3 0 7 2 6 4>
<10:: 1 5 8 3 0 7 2 6 4 :: NULL>
This is Open list:
<0:: 0 0 0 0 0 0 0 0 0 :: NULL>
<15:: 1 0 8 2 5 7 6 3 4 :: 1 5 8 2 0 7 6 3 4>
<15:: 1 5 8 2 7 0 6 3 4 :: 1 5 8 2 0 7 6 3 4>
<15:: 1 5 8 2 3 0 6 4 7 :: 1 5 8 2 3 7 6 4 0>
<15:: 1 0 5 3 7 8 2 6 4 :: 1 5 0 3 7 8 2 6 4>
<16:: 1 7 0 3 8 5 2 6 4 :: 1 0 7 3 8 5 2 6 4>
<16:: 1 5 8 6 0 7 3 2 4 :: 1 5 8 0 6 7 3 2 4>
<16:: 3 1 8 5 0 7 2 6 4 :: 3 1 8 0 5 7 2 6 4>
<16:: 0 5 8 1 3 7 2 6 4 :: 1 5 8 0 3 7 2 6 4>
<16:: 1 5 8 3 0 4 2 7 6 :: 1 5 8 3 7 4 2 0 6>
<16:: 1 5 8 3 7 4 0 2 6 :: 1 5 8 3 7 4 2 0 6>
<16:: 1 5 8 3 0 6 2 4 7 :: 1 5 8 3 6 0 2 4 7>
<16:: 1 8 7 3 0 4 2 5 6 :: 1 8 7 3 5 4 2 0 6>
<16:: 1 8 7 3 5 4 0 2 6 :: 1 8 7 3 5 4 2 0 6>
<17:: 1 8 7 3 6 0 2 4 5 :: 1 8 7 3 6 5 2 4 0>
<17:: 3 1 8 2 5 0 6 4 7 :: 3 1 8 2 5 7 6 4 0>
<17:: 1 8 7 0 3 5 2 6 4 :: 1 8 7 3 0 5 2 6 4>
<17:: 1 0 5 3 6 8 2 4 7 :: 1 5 0 3 6 8 2 4 7>
<17:: 1 5 8 0 2 7 6 3 4 :: 1 5 8 2 0 7 6 3 4>
<18:: 1 8 7 3 6 5 0 2 4 :: 1 8 7 3 6 5 2 0 4>
<18:: 0 1 7 3 8 5 2 6 4 :: 1 0 7 3 8 5 2 6 4>
<18:: 0 5 8 1 6 7 3 2 4 :: 1 5 8 0 6 7 3 2 4>
<18:: 3 1 8 2 0 7 6 5 4 :: 3 1 8 2 5 7 6 0 4>
This is Close list:
<0:: 0 0 0 0 0 0 0 0 0 :: NULL>
<14:: 1 8 7 3 6 5 2 4 0 :: 1 8 7 3 6 5 2 0 4>
<15:: 1 8 7 3 6 5 2 0 4 :: 1 8 7 3 0 5 2 6 4>
<15:: 1 0 7 3 8 5 2 6 4 :: 1 8 7 3 0 5 2 6 4>
<15:: 1 5 8 0 6 7 3 2 4 :: 1 5 8 3 6 7 0 2 4>
<14:: 3 1 8 2 5 7 6 4 0 :: 3 1 8 2 5 7 6 0 4>
<15:: 3 1 8 2 5 7 6 0 4 :: 3 1 8 2 5 7 0 6 4>
<14:: 3 1 8 2 5 7 0 6 4 :: 3 1 8 0 5 7 2 6 4>
<15:: 3 1 8 0 5 7 2 6 4 :: 0 1 8 3 5 7 2 6 4>
<14:: 0 1 8 3 5 7 2 6 4 :: 1 0 8 3 5 7 2 6 4>
<14:: 1 5 8 3 6 7 0 2 4 :: 1 5 8 3 6 7 2 0 4>
<14:: 1 8 7 3 0 5 2 6 4 :: 1 8 7 3 5 0 2 6 4>
<14:: 1 5 0 3 6 8 2 4 7 :: 1 5 8 3 6 0 2 4 7>
<14:: 1 5 8 2 0 7 6 3 4 :: 1 5 8 2 3 7 6 0 4>
<12:: 1 5 8 2 3 7 6 4 0 :: 1 5 8 2 3 7 6 0 4>
<13:: 1 5 8 2 3 7 6 0 4 :: 1 5 8 2 3 7 0 6 4>
<12:: 1 5 8 2 3 7 0 6 4 :: 1 5 8 0 3 7 2 6 4>
<13:: 1 5 8 0 3 7 2 6 4 :: 1 5 8 3 0 7 2 6 4>
<13:: 1 5 8 3 7 4 2 0 6 :: 1 5 8 3 7 4 2 6 0>
<13:: 1 5 8 3 6 0 2 4 7 :: 1 5 8 3 6 7 2 4 0>
<13:: 1 8 7 3 5 4 2 0 6 :: 1 8 7 3 5 4 2 6 0>
<10:: 1 8 7 3 5 4 2 6 0 :: 1 8 7 3 5 0 2 6 4>
<11:: 1 8 7 3 5 0 2 6 4 :: 1 8 0 3 5 7 2 6 4>
<12:: 1 8 0 3 5 7 2 6 4 :: 1 0 8 3 5 7 2 6 4>
<12:: 1 5 0 3 7 8 2 6 4 :: 1 5 8 3 7 0 2 6 4>
<10:: 1 5 8 3 6 7 2 4 0 :: 1 5 8 3 6 7 2 0 4>
<11:: 1 5 8 3 6 7 2 0 4 :: 1 5 8 3 0 7 2 6 4>
<10:: 1 5 8 3 7 4 2 6 0 :: 1 5 8 3 7 0 2 6 4>
<11:: 1 5 8 3 7 0 2 6 4 :: 1 5 8 3 0 7 2 6 4>
<11:: 1 0 8 3 5 7 2 6 4 :: 1 5 8 3 0 7 2 6 4>
<10:: 1 5 8 3 0 7 2 6 4 :: NULL>
